0.198529411764706
0.389340053312759
0.558279330898093
0.669065173589850
0.610684366423872
0.499291574993340
0.374645787496670
0.154777593746065
0.300551470588235
0.424712096689765
0.507296997037436
0.524380717112298
0.511836146052819
0.499291574993340
0.120029492631318
0.233376138604353
0.332720588235294
0.411030000757831
0.467705358935065
0.524380717112298
0.610684366423872
0.091964238174855
0.180203002962564
0.261764116889228
0.336397058823529
0.411030000757831
0.507296997037436
0.669065173589851
0.067624457105540
0.133707518181820
0.197735817535524
0.261764116889228
0.332720588235294
0.424712096689765
0.558279330898094
0.044826072065483
0.089266795123652
0.133707518181820
0.180203002962564
0.233376138604353
0.300551470588235
0.389340053312759
0.022413036032742
0.044826072065483
0.067624457105540
0.091964238174855
0.120029492631318
0.154777593746065
0.198529411764706
