0.059241273585510
0.118451451806758
0.177597640765022
0.236643124433331
0.295544838636421
0.354249940460124
0.412690821524551
0.470777421615416
0.528384694164913
0.585330900656651
0.641337357560990
0.695947507613513
0.748347986298646
0.796927729220437
0.838057619271663
0.862299383325409
0.841318634700826
0.803471503946205
0.758217571424318
0.709206362922920
0.658067943224466
0.605632694838129
0.552371565574718
0.498574294209765
0.444429596697414
0.390064694796404
0.335566394607536
0.280993194052339
0.226382856806740
0.171757706684014
0.117128853342007
0.056013642535280
0.111966892876500
0.167795986819998
0.223430018331883
0.278786289652227
0.333764101679525
0.388235924022665
0.442034170772198
0.494930454387585
0.546601550900703
0.596571021973794
0.644104686594416
0.688016708360632
0.726305311311441
0.755503364540808
0.769821279329145
0.762003651531689
0.739349809659676
0.707692418828148
0.670539937042895
0.629932715136814
0.587091270553331
0.542779273250980
0.497496014566929
0.451579397783487
0.405262787880667
0.358707689581399
0.312023524795081
0.265280526490606
0.218519116587310
0.171757706684014
0.052846403679112
0.105606490343962
0.158189395306589
0.210494672421977
0.262406199961079
0.313784252583082
0.364454602114385
0.414192883063127
0.462701401712525
0.509573826584782
0.554240492839069
0.595883508429727
0.633308849238026
0.664773443123887
0.687829248250982
0.699478717918677
0.697524882437111
0.684231664332661
0.662662357185704
0.635328251283700
0.604031709726565
0.570020398987400
0.534158242308941
0.497051093023486
0.459129191988937
0.420699369361379
0.381978051042312
0.343112689055980
0.304196607773293
0.265280526490606
0.226382856806740
0.049765481837207
0.099423269513650
0.148860431640416
0.197953076088357
0.246559585187029
0.294512106577342
0.341605348788665
0.387581357653401
0.432108442814607
0.474751860886830
0.514933614367974
0.551880005047395
0.584561737037858
0.611650363695101
0.631561467420555
0.642739461657470
0.644385495965416
0.637389608048155
0.623397094298307
0.604079001179637
0.580845473498348
0.554800373360766
0.526782203973896
0.497420923229139
0.467186907787396
0.436427446533600
0.405392456170490
0.374252572613235
0.343112689055981
0.312023524795081
0.280993194052339
0.046792254156065
0.093460674233013
0.139875985653070
0.185897615104007
0.231366958121336
0.276099239750591
0.319873328809534
0.362418755947205
0.403399151005670
0.442391559779959
0.478862098698601
0.512141160354023
0.541407730170910
0.565704807198105
0.584026796078665
0.595532165325234
0.599888031718928
0.597544177596236
0.589457410779733
0.576745185638191
0.560470809726423
0.541553416983419
0.520749276996740
0.498663488131775
0.475770069397906
0.452431052815136
0.428911754492813
0.405392456170491
0.381978051042313
0.358707689581400
0.335566394607536
0.043942860554040
0.087751187609267
0.131285221634845
0.174394440553263
0.216911392443720
0.258644565494151
0.299369970751673
0.338821186320215
0.376677845480910
0.412553128528734
0.445982060292448
0.476414807499186
0.503223216093654
0.525734338847745
0.543308744370768
0.555474371845870
0.562090287988827
0.563441659838127
0.560143185586196
0.552973520866973
0.542739162785734
0.530193207849746
0.515997998897869
0.500713682903317
0.484798828857315
0.468614940836226
0.452431052815137
0.436427446533601
0.420699369361380
0.405262787880668
0.390064694796405
0.041228000450827
0.082315994015171
0.123119272723780
0.163483533030482
0.203239605606128
0.242197659030621
0.280140802382792
0.316818173101072
0.351937916069019
0.385161048561621
0.416098206443272
0.444312793256621
0.469335987856774
0.490700587728452
0.507999470710793
0.520966289698651
0.529557088552384
0.533988988181249
0.534700150859952
0.532266549457771
0.527319112699791
0.520482252731965
0.512335827841674
0.503394415726308
0.494096622291812
0.484798828857315
0.475770069397906
0.467186907787396
0.459129191988938
0.451579397783488
0.444429596697415
0.038653147234098
0.077165515276808
0.115392342214622
0.153180813238756
0.190365837919688
0.226765662639415
0.262177406647803
0.296372787632260
0.329094597132474
0.360054943205458
0.388936923662396
0.415402171227250
0.439107354348370
0.459732553498497
0.477022261045299
0.490834227685556
0.501182788340811
0.508257053474532
0.512401880214593
0.514073413404368
0.513788485823695
0.512080862536646
0.509468644010553
0.506431529868431
0.503394415726308
0.500713682903317
0.498663488131775
0.497420923229139
0.497051093023488
0.497496014566931
0.498574294209766
0.036219073208757
0.072300577643342
0.108103767619145
0.143481539790230
0.178277270194455
0.212321746959545
0.245430373936745
0.277400973647691
0.308012741623158
0.337027203465343
0.364192373773603
0.389251613641612
0.411958704810960
0.432100010871868
0.449522792286349
0.464165571657464
0.476082783650771
0.485454557161473
0.492576903119520
0.497836738121411
0.501680554653977
0.504584067580371
0.507026355795462
0.509468644010553
0.512335827841674
0.515997998897869
0.520749276996740
0.526782203973897
0.534158242308942
0.542779273250981
0.552371565574719
0.033922567957587
0.067713954468657
0.101240610828387
0.134364308108564
0.166939956108357
0.198813681067565
0.229821368491942
0.259787991398602
0.288528192247123
0.315848755259153
0.341553754325060
0.365453204754636
0.387375840381989
0.407185992891668
0.424803325570764
0.440222483007180
0.453528217443337
0.464901488401069
0.474614436980603
0.483016081307781
0.490512927090428
0.497548497335399
0.504584067580371
0.512080862536646
0.520482252731964
0.530193207849747
0.541553416983419
0.554800373360767
0.570020398987403
0.587091270553333
0.605632694838130
0.031757244152936
0.063392061445311
0.094780413117180
0.125795125707284
0.156304565062844
0.186171652710415
0.215253427564854
0.243401431207654
0.270463280707578
0.296285870999085
0.320720683512847
0.343631610669885
0.364905459070692
0.384464794742051
0.402282034097860
0.418392817357154
0.432906114714326
0.446008742018865
0.457963275094041
0.469100223038681
0.479806575064554
0.490512927090427
0.501680554653976
0.513788485823696
0.527319112699791
0.542739162785734
0.560470809726424
0.580845473498349
0.604031709726568
0.629932715136816
0.658067943224467
0.029714347208846
0.059316634042471
0.088693854487739
0.117731216540546
0.146311525725322
0.174314937146398
0.201619257849404
0.228101025159581
0.253637628376451
0.278110764516763
0.301411498057358
0.323447095341364
0.344149590488842
0.363485692907986
0.381467198721473
0.398160637609249
0.413694682037950
0.428264089866025
0.442129698338014
0.455614960688347
0.469100223038680
0.483016081307780
0.497836738121411
0.514073413404368
0.532266549457771
0.552973520866974
0.576745185638193
0.604079001179639
0.635328251283703
0.670539937042898
0.709206362922921
0.027783510639977
0.055466273027987
0.082947154250761
0.110124360241839
0.136895384151500
0.163157312300450
0.188807641526783
0.213745783204816
0.237875443121881
0.261108060634157
0.283367448858459
0.304595682149369
0.324760114635327
0.343861187679577
0.361940430270796
0.379087852320419
0.395447885962200
0.411223237069270
0.426676467703642
0.442129698338014
0.457963275094041
0.474614436980603
0.492576903119520
0.512401880214593
0.534700150859953
0.560143185586197
0.589457410779734
0.623397094298309
0.662662357185706
0.707692418828150
0.758217571424319
0.025953422323077
0.051817793178739
0.077504129245477
0.102923686024549
0.127988338338389
0.152611286377119
0.176708212752461
0.200199023011019
0.223010300272101
0.245078586039525
0.266354554592954
0.286808069762326
0.306433998223521
0.325258512904198
0.343345482361717
0.360802455439430
0.377785772421159
0.394504504745215
0.411223237069270
0.428264089866025
0.446008742018866
0.464901488401070
0.485454557161474
0.508257053474532
0.533988988181250
0.563441659838128
0.597544177596237
0.637389608048157
0.684231664332664
0.739349809659678
0.803471503946206
0.024212385473591
0.048347348118415
0.072327883527860
0.096077916272491
0.119522996800387
0.142591282117178
0.165214900094922
0.187331795814697
0.208888148915980
0.229841428658887
0.250164113711505
0.269848044083462
0.288909295592232
0.307393383351977
0.325380530832443
0.342990714654427
0.360388243537793
0.377785772421160
0.395447885962200
0.413694682037951
0.432906114714327
0.453528217443338
0.476082783650772
0.501182788340812
0.529557088552386
0.562090287988829
0.599888031718930
0.644385495965419
0.697524882437113
0.762003651531692
0.841318634700827
0.022548771452872
0.045031330293469
0.067382140475057
0.089537098737167
0.111434450473491
0.133015945196285
0.154228309695351
0.175025111236867
0.195369070918236
0.215234865968539
0.234612427510716
0.253510697267783
0.271961756709969
0.290025194079033
0.307792542961652
0.325391628808039
0.342990714654426
0.360802455439431
0.379087852320419
0.398160637609250
0.418392817357155
0.440222483007181
0.464165571657465
0.490834227685558
0.520966289698653
0.555474371845872
0.595532165325236
0.642739461657473
0.699478717918680
0.769821279329148
0.862299383325410
0.020951370044429
0.041847061127533
0.062632249341730
0.083253887727629
0.103661761160125
0.123809738499119
0.143657282253330
0.163171268519186
0.182328157551559
0.201116536786315
0.219540033095039
0.237620560766985
0.255401839900829
0.272953093292534
0.290372818127093
0.307792542961652
0.325380530832443
0.343345482361717
0.361940430270797
0.381467198721474
0.402282034097862
0.424803325570766
0.449522792286351
0.477022261045301
0.507999470710795
0.543308744370771
0.584026796078668
0.631561467420558
0.687829248250984
0.755503364540810
0.838057619271665
0.019409647597309
0.038773294830504
0.058045908036703
0.077184441671495
0.096148967940259
0.114903965386738
0.133419812299665
0.151674523034986
0.169655753982498
0.187363090530125
0.204810607316141
0.222029672804288
0.239071948833828
0.256012521063181
0.272953093292534
0.290025194079033
0.307393383351977
0.325258512904198
0.343861187679578
0.363485692907987
0.384464794742054
0.407185992891671
0.432100010871871
0.459732553498500
0.490700587728455
0.525734338847748
0.565704807198109
0.611650363695105
0.664773443123890
0.726305311311443
0.796927729220439
0.017913925514305
0.035790562560471
0.053593646303083
0.071289002981390
0.088845703542678
0.106237342807908
0.123443478523605
0.140451257338594
0.157257244813322
0.173869464035544
0.190309632835112
0.206615574300198
0.222843761567013
0.239071948833828
0.255401839900829
0.271961756709970
0.288909295592233
0.306433998223522
0.324760114635328
0.344149590488844
0.364905459070694
0.387375840381991
0.411958704810962
0.439107354348373
0.469335987856777
0.503223216093657
0.541407730170913
0.584561737037861
0.633308849238028
0.688016708360634
0.748347986298647
0.016455491899439
0.032881383593992
0.049249111633766
0.065532220408305
0.081707500441154
0.097756223778612
0.113665501648254
0.129429782982464
0.145052503896653
0.160547887963619
0.175942885688563
0.191279229994381
0.206615574300198
0.222029672804288
0.237620560766985
0.253510697267783
0.269848044083462
0.286808069762327
0.304595682149370
0.323447095341365
0.343631610669886
0.365453204754638
0.389251613641614
0.415402171227252
0.444312793256623
0.476414807499189
0.512141160354025
0.551880005047398
0.595883508429729
0.644104686594418
0.695947507613514
0.015026658489460
0.030030368282291
0.044989196229684
0.059883266576910
0.074695854035023
0.089414550217130
0.104032521308334
0.118549869046354
0.132975099827205
0.147326698233718
0.161634791961140
0.175942885688563
0.190309632835112
0.204810607316141
0.219540033095040
0.234612427510717
0.250164113711505
0.266354554592955
0.283367448858461
0.301411498057360
0.320720683512848
0.341553754325061
0.364192373773604
0.388936923662397
0.416098206443273
0.445982060292450
0.478862098698603
0.514933614367976
0.554240492839071
0.596571021973796
0.641337357560990
0.013620773776110
0.027224234816029
0.040794038425768
0.054315795634629
0.067778098904898
0.081173601746553
0.094500164321598
0.107762072067415
0.120971328132095
0.134149013182906
0.147326698233718
0.160547887963620
0.173869464035545
0.187363090530125
0.201116536786316
0.215234865968539
0.229841428658888
0.245078586039526
0.261108060634158
0.278110764516764
0.296285870999087
0.315848755259154
0.337027203465344
0.360054943205460
0.385161048561622
0.412553128528736
0.442391559779960
0.474751860886832
0.509573826584783
0.546601550900704
0.585330900656651
0.012232201798951
0.024451758779946
0.036646927022729
0.048807778630940
0.060927144203385
0.073001593542585
0.085032462164090
0.097026926769612
0.108999127450853
0.120971328132095
0.132975099827205
0.145052503896653
0.157257244813322
0.169655753982498
0.182328157551559
0.195369070918237
0.208888148915981
0.223010300272102
0.237875443121883
0.253637628376452
0.270463280707579
0.288528192247124
0.308012741623159
0.329094597132475
0.351937916069020
0.376677845480910
0.403399151005670
0.432108442814607
0.462701401712525
0.494930454387585
0.528384694164913
0.010856274639748
0.021703671482076
0.032534132254263
0.043341247663018
0.054121105735118
0.064873166056312
0.075601164022566
0.086314045396089
0.097026926769612
0.107762072067415
0.118549869046354
0.129429782982464
0.140451257338594
0.151674523034986
0.163171268519186
0.175025111236868
0.187331795814698
0.200199023011020
0.213745783204817
0.228101025159582
0.243401431207655
0.259787991398604
0.277400973647692
0.296372787632261
0.316818173101072
0.338821186320215
0.362418755947205
0.387581357653401
0.414192883063127
0.442034170772198
0.470777421615416
0.009489225277964
0.018972520254348
0.028444682849228
0.037901974031751
0.047342865017756
0.056768800924979
0.066184982473772
0.075601164022566
0.085032462164090
0.094500164321598
0.104032521308334
0.113665501648254
0.123443478523605
0.133419812299665
0.143657282253330
0.154228309695352
0.165214900094922
0.176708212752461
0.188807641526783
0.201619257849405
0.215253427564855
0.229821368491942
0.245430373936746
0.262177406647804
0.280140802382793
0.299369970751673
0.319873328809534
0.341605348788665
0.364454602114385
0.388235924022665
0.412690821524551
0.008128106217759
0.016252501408124
0.024370104856548
0.032479100597005
0.040579579379174
0.048674190152077
0.056768800924979
0.064873166056312
0.073001593542585
0.081173601746553
0.089414550217130
0.097756223778612
0.106237342807908
0.114903965386738
0.123809738499120
0.133015945196285
0.142591282117179
0.152611286377120
0.163157312300451
0.174314937146399
0.186171652710416
0.198813681067566
0.212321746959546
0.226765662639415
0.242197659030622
0.258644565494152
0.276099239750591
0.294512106577342
0.313784252583083
0.333764101679525
0.354249940460124
0.006770698184950
0.013539274303841
0.020304134571837
0.027064744120545
0.033822161749859
0.040579579379174
0.047342865017756
0.054121105735118
0.060927144203385
0.067778098904897
0.074695854035023
0.081707500441155
0.088845703542678
0.096148967940259
0.103661761160125
0.111434450473491
0.119522996800388
0.127988338338389
0.136895384151501
0.146311525725323
0.156304565062845
0.166939956108358
0.178277270194456
0.190365837919689
0.203239605606128
0.216911392443720
0.231366958121337
0.246559585187029
0.262406199961079
0.278786289652227
0.295544838636421
0.005415412218199
0.010829763050452
0.016242415006413
0.021653579563479
0.027064744120545
0.032479100597005
0.037901974031751
0.043341247663018
0.048807778630940
0.054315795634629
0.059883266576910
0.065532220408305
0.071289002981390
0.077184441671496
0.083253887727630
0.089537098737167
0.096077916272491
0.102923686024549
0.110124360241839
0.117731216540547
0.125795125707284
0.134364308108565
0.143481539790230
0.153180813238756
0.163483533030482
0.174394440553263
0.185897615104007
0.197953076088357
0.210494672421977
0.223430018331883
0.236643124433331
0.004061187637394
0.008121950673355
0.012182182839884
0.016242415006413
0.020304134571836
0.024370104856548
0.028444682849228
0.032534132254263
0.036646927022729
0.040794038425768
0.044989196229684
0.049249111633766
0.053593646303083
0.058045908036703
0.062632249341731
0.067382140475057
0.072327883527860
0.077504129245477
0.082947154250761
0.088693854487740
0.094780413117181
0.101240610828387
0.108103767619145
0.115392342214622
0.123119272723780
0.131285221634845
0.139875985653070
0.148860431640416
0.158189395306589
0.167795986819998
0.177597640765022
0.002707387658024
0.005414669165689
0.008121950673355
0.010829763050452
0.013539274303840
0.016252501408124
0.018972520254348
0.021703671482076
0.024451758779946
0.027224234816029
0.030030368282291
0.032881383593992
0.035790562560471
0.038773294830504
0.041847061127533
0.045031330293469
0.048347348118415
0.051817793178739
0.055466273027987
0.059316634042471
0.063392061445311
0.067713954468657
0.072300577643342
0.077165515276808
0.082315994015171
0.087751187609267
0.093460674233013
0.099423269513650
0.105606490343963
0.111966892876500
0.118451451806758
0.001353693829012
0.002707387658024
0.004061187637394
0.005415412218199
0.006770698184950
0.008128106217759
0.009489225277964
0.010856274639748
0.012232201798951
0.013620773776110
0.015026658489460
0.016455491899439
0.017913925514305
0.019409647597309
0.020951370044429
0.022548771452872
0.024212385473591
0.025953422323077
0.027783510639978
0.029714347208846
0.031757244152936
0.033922567957588
0.036219073208757
0.038653147234098
0.041228000450827
0.043942860554040
0.046792254156065
0.049765481837207
0.052846403679113
0.056013642535281
0.059241273585510
