0.198019202468814
0.3883184464087992
0.5570483718788941
0.6676189060874033
0.6094558086291543
0.4982659781921958
0.3741376778349589
0.1537565962343908
0.2988097746270025
0.4222462459726071
0.5048374803091729
0.5219097214959305
0.5100998490437171
0.4982659781921957
0.1187968273567957
0.2309134756288238
0.3297483859741153
0.4075426178016987
0.4647380683756063
0.5219097214959305
0.6094558086291543
0.09052370275109071
0.1777369022013559
0.2582833005809526
0.3329156274013911
0.4075426178016987
0.5048374803091729
0.6676189060874033
0.06638939060653552
0.1312500001055003
0.1947587035726243
0.2582833005809526
0.3297483859741153
0.4222462459726071
0.5570483718788941
0.04380906445099433
0.08751970021028804
0.1312500001055003
0.1777369022013558
0.2309134756288237
0.2988097746270025
0.3883184464087992
0.021900727102669
0.04380906445099433
0.06638939060653554
0.09052370275109071
0.1187968273567956
0.1537565962343908
0.198019202468814