12.0214875219
10.6405604254
9.6358201432
8.8496126772
8.2199201555
7.7109517056
7.2979441007
6.9622106229
6.6890400345
6.4666233510
6.2854078648
6.1376491184
6.0170686868
5.9185794905
5.8380612586
5.7721765510
5.7182205981
5.6739993886
5.6377311495
5.6079669923
5.5835271093
5.5634495024
5.5469487628
5.5333828911
5.5222265450
5.5130494289
5.5054987995
5.4992852766
5.4941713109
5.4899617948
5.4864964067
5.4836433567
5.4812942744
5.4793600220
5.4777672646
5.4764556567
5.4753755338
5.4744860160
5.4737534510
5.4731501333
5.4726532517
5.4722440236
5.4719069826
5.4716293926
5.4714007653
5.4712124632
5.4710573731
5.4709296365
5.4708244288
5.4707377762
5.4706664062
5.4706076232
5.4705592073
5.4705193301
5.4704864857
5.4704594337
5.4704371526
5.4704188009
5.4704036857
5.4703912362
5.4703809823
5.4703725367
5.4703655806
5.4703598512
5.4703551322
5.4703538860
