27.9134099454
26.4280883227
25.3083704253
24.3794549845
23.5728424488
22.8534835984
22.2007868800
21.6015772777
21.0469054743
20.5303986168
20.0473307869
19.5940684951
19.1677266678
18.7659486915
18.3867620524
18.0284812188
17.6896406962
17.3689477576
17.0652482745
16.7775014628
16.5047608277
16.2461595159
16.0008988666
15.7682393294
15.5474931665
15.3380185178
15.1392145232
14.9505172727
14.7713964104
14.6013522592
14.4399133636
14.2866343685
14.1410941707
14.0028942922
13.8716574359
13.7470261904
13.6286618597
13.5162433962
13.4094664213
13.3080423212
13.2116974054
13.1201721217
13.0332203200
12.9506085595
12.8721154545
12.7975310562
12.7266562670
12.6593022845
12.5952900739
12.5344498665
12.4766206832
12.4216498810
12.3693927222
12.3197119653
12.2724774746
12.2275658511
12.1848600801
12.1442491978
12.1056279739
12.0688966107
12.0339604577
12.0007297407
11.9691193048
11.9390483712
11.9104403063
11.8832224033
11.8573256753
11.8326846589
11.8092372291
11.7869244232
11.7656902746
11.7454816559
11.7262481292
11.7079418059
11.6905172130
11.6739311672
11.6581426553
11.6431127216
11.6288043609
11.6151824174
11.6022134893
11.5898658378
11.5781093023
11.5669152183
11.5562563415
11.5461067749
11.5364418999
11.5272383115
11.5184737564
11.5101270746
11.5021781443
11.4946078294
11.4873979298
11.4805311344
11.4739909768
11.4677617924
11.4618286791
11.4561774585
11.4507946407
11.4456673896
11.4407834906
11.4361313200
11.4316998158
11.4274784498
11.4234572014
11.4196265330
11.4159773659
11.4125010579
11.4091893822
11.4060345069
11.4030289758
11.4001656901
11.3974378909
11.3948391429
11.3923633189
11.3900045841
11.3877573827
11.3856164243
11.3835766706
11.3816333239
11.3797818149
11.3780177923
11.3763371118
11.3747358262
11.3732101765
11.3717565822
11.3703716329
11.3690520806
11.3677948311
11.3665969377
11.3654555930
11.3643681232
11.3633319812
11.3623447406
11.3614040902
11.3605078283
11.3596538574
11.3588401795
11.3580648911
11.3573261790
11.3566223157
11.3559516554
11.3553126304
11.3547037470
11.3541235821
11.3535707801
11.3530440493
11.3525421593
11.3520639376
11.3516082672
11.3511740841
11.3507603744
11.3503661719
11.3499905564
11.3496326510
11.3492916202
11.3489666680
11.3486570360
11.3483620015
11.3480808760
11.3478130036
11.3475577592
11.3473145473
11.3470828004
11.3468619778
11.3466515645
11.3464510696
11.3462600255
11.3460779865
11.3459045280
11.3457392455
11.3455817535
11.3454316847
11.3452886892
11.3451524335
11.3450225999
11.3448988855
11.3447810020
11.3446686745
11.3445616411
11.3444596522
11.3443624700
11.3442698680
11.3441816303
11.3440975511
11.3440174344
11.3439410935
11.3438683505
11.3437990356
11.3437329874
11.3436700519
11.3436100823
11.3435529390
11.3434984886
11.3434466042
11.3433971650
11.3433500557
11.3433051664
11.3432623926
11.3432216346
11.3431827973
11.3431457902
11.3431105270
11.3430769257
11.3430449078
11.3430143988
11.3429853275
11.3429576262
11.3429312303
11.3429060782
11.3428821115
11.3428592742
11.3428375130
11.3428167774
11.3427970189
11.3427781915
11.3427602513
11.3427431565
11.3427268673
11.3427113457
11.3426965556
11.3426824624
11.3426690333
11.3426562371
11.3426440438
11.3426324252
11.3426213540
11.3426108046
11.3426007523
11.3425911737
11.3425820465
11.3425733493
11.3425675064
