0.198529520479330
0.389340255434154
0.558279593358412
0.669065459432669
0.610684628884191
0.499291777114736
0.374645896211294
0.154777795867460
0.300551841763178
0.424712584653978
0.507297521958074
0.524381205076512
0.511836517227762
0.499291777114736
0.120029755091637
0.233376626568567
0.332721221870556
0.411030690843440
0.467705992570326
0.524381205076512
0.610684628884191
0.091964524017674
0.180203527883202
0.261764806974837
0.336397801173415
0.411030690843440
0.507297521958074
0.669065459432669
0.067624719565858
0.133708006146033
0.197736451170785
0.261764806974837
0.332721221870556
0.424712584653978
0.558279593358412
0.044826274186878
0.089267166298594
0.133708006146033
0.180203527883202
0.233376626568567
0.300551841763178
0.389340255434154
0.022413144747365
0.044826274186878
0.067624719565858
0.091964524017674
0.120029755091637
0.154777795867460
0.198529520479330
