0.111986522538464
0.223470499859253
0.333829371580250
0.442137531068486
0.546796905007417
0.644648752844654
0.728528969365801
0.779682241132414
0.741582736848008
0.671097746420180
0.587296769484109
0.497597872118328
0.405311742946636
0.312038945948874
0.218519475445732
0.099475580409422
0.198066085182922
0.294709427242647
0.387923810480952
0.475401293986156
0.553269088394300
0.614784833789976
0.648617205699572
0.640550910143277
0.605511430737505
0.555491417267557
0.497782938837242
0.436610125568730
0.374324545267750
0.312038945948874
0.087849693780926
0.174608795184571
0.259018384385762
0.339446919345534
0.413615286245533
0.478241381129881
0.528723970472856
0.559450738340301
0.566492166060650
0.554905557292474
0.531374444194949
0.501432270113368
0.469021217882590
0.436610125568730
0.405311742946636
0.077314371379097
0.153500960047974
0.227308315604129
0.297230090318091
0.361371430543413
0.417357040974138
0.462418787108574
0.493969461289653
0.511061316943856
0.516244049744097
0.513668412129252
0.507550373586892
0.501432270113368
0.497782938837242
0.497597872118328
0.067906794482163
0.134772287743115
0.199483721712891
0.260793565916959
0.317283146067818
0.367396395441375
0.409624488653856
0.442946819112815
0.467539403637228
0.485340742937497
0.499504622422997
0.513668412129252
0.531374444194949
0.555491417267557
0.587296769484109
0.059540476676068
0.118197588913007
0.175060597610215
0.229177147000961
0.279571012811038
0.325320698890515
0.365735741148979
0.400653698621406
0.430808523751066
0.458074688766496
0.485340742937497
0.516244049744097
0.554905557292474
0.605511430737505
0.671097746420180
0.052057474698005
0.103416901796097
0.153383794381303
0.201283241992324
0.246502852105684
0.288579424471807
0.327343834045644
0.363123470518470
0.396966059594636
0.430808523751065
0.467539403637228
0.511061316943856
0.566492166060650
0.640550910143277
0.741582736848008
0.045272470623694
0.090028647964698
0.133774294603883
0.176068987437551
0.216577517343889
0.255150068460889
0.291936450203844
0.327530025292321
0.363123470518470
0.400653698621406
0.442946819112815
0.493969461289653
0.559450738340301
0.648617205699572
0.779682241132414
0.039003707215798
0.077650825442795
0.115615598793509
0.152640712157043
0.188587937122312
0.223506641869720
0.257721608496651
0.291936450203844
0.327343834045644
0.365735741148979
0.409624488653856
0.462418787108574
0.528723970472856
0.614784833789976
0.728528969365801
0.033091483100542
0.065955246569801
0.098396421447621
0.130290138231002
0.161626665314915
0.192566709014533
0.223506641869720
0.255150068460889
0.288579424471807
0.325320698890515
0.367396395441374
0.417357040974138
0.478241381129881
0.553269088394299
0.644648752844654
0.027406930005471
0.054682164461714
0.081724563763475
0.108496584331120
0.135061669712640
0.161626665314915
0.188587937122312
0.216577517343889
0.246502852105684
0.279571012811038
0.317283146067818
0.361371430543413
0.413615286245532
0.475401293986156
0.546796905007417
0.021854030329255
0.043641831691685
0.065322964836296
0.086909807049290
0.108496584331120
0.130290138231002
0.152640712157043
0.176068987437551
0.201283241992324
0.229177147000961
0.260793565916959
0.297230090318091
0.339446919345534
0.387923810480952
0.442137531068486
0.016367322414540
0.032708096858488
0.049015550888934
0.065322964836296
0.081724563763475
0.098396421447621
0.115615598793509
0.133774294603883
0.153383794381303
0.175060597610215
0.199483721712891
0.227308315604129
0.259018384385762
0.294709427242647
0.333829371580250
0.010907134319801
0.021807625098094
0.032708096858488
0.043641831691685
0.054682164461714
0.065955246569801
0.077650825442795
0.090028647964698
0.103416901796097
0.118197588913007
0.134772287743115
0.153500960047974
0.174608795184571
0.198066085182922
0.223470499859253
0.005453569631196
0.010907134319801
0.016367322414540
0.021854030329255
0.027406930005471
0.033091483100542
0.039003707215798
0.045272470623694
0.052057474698005
0.059540476676068
0.067906794482163
0.077314371379097
0.087849693780926
0.099475580409422
0.111986522538464
