0.059241413833641
0.118451730958650
0.177598056119759
0.236643672009465
0.295545513135912
0.354250735417454
0.412691729248159
0.470778433404177
0.528385800229327
0.585332090394368
0.641338619460774
0.695948829579230
0.748349355539697
0.796929132611752
0.838059043234816
0.862300814210780
0.841320058663974
0.803472907337510
0.758218940665356
0.709207684888619
0.658069205124229
0.605633884575822
0.552372671639109
0.498575305998502
0.444430504420999
0.390065489753712
0.335567069107007
0.280993741628456
0.226383272161463
0.171757985835897
0.117128993590134
0.056013921687173
0.111967448479368
0.167796813548025
0.223431108186112
0.278787632185691
0.333765683902625
0.388237730768757
0.442036184560222
0.494932655914063
0.546603918864903
0.596573533677228
0.644107317735253
0.688019433717665
0.726308104515646
0.755506198817495
0.769824127255447
0.762006485808367
0.739352602863862
0.707695144185153
0.670542568183698
0.629935226840207
0.587093638517485
0.542781474777410
0.497498028354904
0.451581204529531
0.405264370103723
0.358709032114823
0.312024614649276
0.265281353218606
0.218519672190160
0.171757985835897
0.052846819033850
0.105607317071990
0.158190625408950
0.210496294107335
0.262408197538918
0.313786606905310
0.364457290401902
0.414195879546938
0.462704677400335
0.509577350076979
0.554244230044323
0.595887423524478
0.633312904342018
0.664777599366293
0.687833465418336
0.699482955586671
0.697529099604451
0.684235820575039
0.662666412289655
0.635332166378400
0.604035446931759
0.570023922479530
0.534161517996680
0.497054089507224
0.459131880276383
0.420701723683540
0.381980048620091
0.343114310741288
0.304197837875614
0.265281353218606
0.226383272161463
0.049766029413342
0.099424359367881
0.148862053325777
0.197955213914330
0.246562218661152
0.294515210219599
0.341608892848613
0.387585307840707
0.432112761264138
0.474756505815697
0.514938541251491
0.551885166215806
0.584567083017985
0.611655842762244
0.631567027054269
0.642745048065866
0.644391055599112
0.637395087115261
0.623402440278380
0.604084162347979
0.580850400381784
0.554805018289544
0.526786522423334
0.497424873416348
0.467190451847249
0.436430550175769
0.405395089644534
0.374254710439141
0.343114310741288
0.312024614649276
0.280993741628456
0.046792928655559
0.093462016766482
0.139877983230914
0.185900248578134
0.231370202011730
0.276103062962437
0.319877694351583
0.362423621972877
0.403404470434036
0.442397281620814
0.478868167590628
0.512147518122919
0.541414315302476
0.565711556569544
0.584033644386852
0.595539046924652
0.599894880027092
0.597550926967628
0.589463995911232
0.576751543407003
0.560476878618351
0.541559138824164
0.520754596424990
0.498668354157329
0.475774434939839
0.452434876026873
0.428914998383109
0.405395089644534
0.381980048620091
0.358709032114823
0.335567069107007
0.043943655511374
0.087752769832376
0.131287575957083
0.174397544195531
0.216915215655573
0.258649071284340
0.299375115929247
0.338826921103327
0.376684114897909
0.412559871920265
0.445989213018686
0.476422300354372
0.503230977253865
0.525742293220358
0.543316815707914
0.555482482053828
0.562098359325946
0.563449614210686
0.560150946746330
0.552981013722060
0.542746315511855
0.530199951241148
0.516004268314732
0.500719417686290
0.484803974034753
0.468619446626286
0.452434876026873
0.436430550175769
0.420701723683540
0.405264370103723
0.390065489753712
0.041228908174442
0.082317800761275
0.123121961011314
0.163487077090448
0.203243971148193
0.242202804208206
0.280146677414048
0.316824721669977
0.351945074815301
0.385168748864008
0.416106373797965
0.444321349374178
0.469344849953012
0.490709670854375
0.508008686983181
0.520975550773500
0.529566304824741
0.533998071307111
0.534709012956101
0.532275105575216
0.527327280054352
0.520489953034204
0.512342986587800
0.503400964295055
0.494102497322912
0.484803974034753
0.475774434939839
0.467190451847249
0.459131880276383
0.451581204529531
0.444430504420998
0.038654159022869
0.077167529064850
0.115395338698458
0.153184763426091
0.190370703945390
0.226771397422551
0.262183955216723
0.296380086626690
0.329102576586772
0.360063525914909
0.388946027356108
0.415411707823000
0.439117232431645
0.459742677494515
0.477032533908929
0.490844550022346
0.501193061204406
0.508267177470480
0.512411758297768
0.514082949999992
0.513797589517260
0.512089445245932
0.509476623464677
0.506438828862684
0.503400964295055
0.500719417686290
0.498668354157330
0.497424873416348
0.497054089507224
0.497498028354904
0.498575305998502
0.036220179273185
0.072302779169845
0.108107043306991
0.143485858239804
0.178282589622866
0.212328016376586
0.245437532683061
0.277408953102009
0.308021464580761
0.337036586310971
0.364202325724115
0.389262039301046
0.411969503306496
0.432111078692855
0.449534022346773
0.464176856309845
0.476094013711157
0.485465624982385
0.492587701614947
0.497847163780708
0.501690506604327
0.504593450425820
0.507035078752876
0.509476623464677
0.512342986587800
0.516004268314732
0.520754596424990
0.526786522423334
0.534161517996680
0.542781474777410
0.552372671639109
0.033923757695321
0.067716322432890
0.101244134320631
0.134368953037489
0.166945677949275
0.198820424459158
0.229829068794385
0.259796574108097
0.288537575092777
0.315858847457824
0.341564459136416
0.365464418604939
0.387387455779140
0.407197897451615
0.424815405180505
0.440234620791203
0.453540297053037
0.464913392960935
0.474626052377638
0.483027295157935
0.490523631901610
0.497558589533878
0.504593450425820
0.512089445245932
0.520489953034204
0.530199951241148
0.541559138824164
0.554805018289544
0.570023922479530
0.587093638517485
0.605633884575822
0.031758506052742
0.063394573148787
0.094784150322495
0.125800052590876
0.156310633954956
0.186178805436740
0.215261594919631
0.243410534901439
0.270473232658146
0.296296575810472
0.320732037611314
0.343643505218963
0.364917778985411
0.384477421927962
0.402294846381410
0.418405691924218
0.432918926997833
0.446021369204690
0.457975595008636
0.469112117587602
0.479817929162837
0.490523631901610
0.501690506604327
0.513797589517260
0.527327280054352
0.542746315511855
0.560476878618351
0.580850400381784
0.604035446931759
0.629935226840207
0.658069205124230
0.029715669174590
0.059319265183360
0.088697769582566
0.117736377709051
0.146317883494325
0.174322430001698
0.201627813967076
0.228110561755438
0.253648054035975
0.278121978367132
0.301423392606473
0.323459555504252
0.344162496826684
0.363498920546312
0.381480620864710
0.398174124392285
0.413708104181141
0.428277317504262
0.442142604675727
0.455627420851071
0.469112117587602
0.483027295157935
0.497847163780708
0.514082949999993
0.532275105575216
0.552981013722060
0.576751543407003
0.604084162347979
0.635332166378400
0.670542568183698
0.709207684888619
0.027784879881062
0.055468998385082
0.082951209354843
0.110129706222080
0.136901969283198
0.163165073460804
0.188816503623166
0.213755661288231
0.237886241617544
0.261119676031414
0.283379768773255
0.304608588487252
0.324773482521827
0.343874888974749
0.361954332408612
0.379101822039786
0.395461788099968
0.411236938364351
0.426689835590008
0.442142604675727
0.457975595008636
0.474626052377637
0.492587701614947
0.512411758297768
0.534709012956101
0.560150946746329
0.589463995911232
0.623402440278380
0.662666412289655
0.707695144185153
0.758218940665356
0.025954825714429
0.051820586383018
0.077508285487990
0.102929165091828
0.127995087709985
0.152619240749905
0.176717295878563
0.200209147007213
0.223021368093254
0.245090490599618
0.266367181778984
0.286821297400737
0.306447699518738
0.325272555290190
0.343359731233022
0.360816772931981
0.377800021292417
0.394518547131113
0.411236938364351
0.428277317504262
0.446021369204690
0.464913392960936
0.485465624982385
0.508267177470480
0.533998071307110
0.563449614210686
0.597550926967628
0.637395087115261
0.684235820575039
0.739352602863862
0.803472907337510
0.024213809436787
0.048350182395186
0.072332100695337
0.096083475906361
0.119529845108757
0.142599353454526
0.165224116367523
0.187342068678542
0.208899378976611
0.229853508268818
0.250176925995218
0.269861466226829
0.288923197730139
0.307407632223329
0.325394988573173
0.343005242677623
0.360402701278474
0.377800021292417
0.395461788099968
0.413708104181141
0.432918926997833
0.453540297053037
0.476094013711157
0.501193061204406
0.529566304824741
0.562098359325946
0.599894880027092
0.644391055599112
0.697529099604451
0.762006485808367
0.841320058663974
0.022550202338292
0.045034178219865
0.067386378143188
0.089542685145738
0.111441332073117
0.133024055404474
0.154237570770445
0.175035433573908
0.195380355570862
0.215247003752793
0.234625302077989
0.253524184050996
0.271975726429475
0.290039511571679
0.307807070984898
0.325406226796900
0.343005242677623
0.360816772931981
0.379101822039786
0.398174124392285
0.418405691924218
0.440234620791203
0.464176856309845
0.490844550022346
0.520975550773500
0.555482482053828
0.595539046924652
0.642745048065866
0.699482955586671
0.769824127255446
0.862300814210780
0.020952794007629
0.041849895404314
0.062636466509222
0.083259447361519
0.103668609468518
0.123817809836494
0.143666498525962
0.163181541383065
0.182339387612227
0.201128616396286
0.219552845378796
0.237633982910398
0.255415742038783
0.272967342163934
0.290387275867871
0.307807070984898
0.325394988573173
0.343359731233022
0.361954332408612
0.381480620864710
0.402294846381411
0.424815405180506
0.449534022346773
0.477032533908929
0.508008686983180
0.543316815707914
0.584033644386852
0.631567027054269
0.687833465418336
0.755506198817495
0.838059043234816
0.019411050988671
0.038776088034802
0.058050064279244
0.077189920738811
0.096155717311900
0.114911919759577
0.133428895425828
0.151684647031248
0.169666821803725
0.187374995090298
0.204823234502255
0.222042900442788
0.239085650129136
0.256026563449268
0.272967342163934
0.290039511571679
0.307407632223329
0.325272555290191
0.343874888974749
0.363498920546312
0.384477421927962
0.407197897451615
0.432111078692855
0.459742677494515
0.490709670854375
0.525742293220358
0.565711556569544
0.611655842762245
0.664777599366293
0.726308104515646
0.796929132611752
0.017915294755403
0.035793287917593
0.053597701407206
0.071294348961685
0.088852288674442
0.106245103968340
0.123452340620077
0.140461135422108
0.157268043309092
0.173881079432917
0.190321952750029
0.206628480638210
0.222857129453646
0.239085650129136
0.255415742038783
0.271975726429475
0.288923197730139
0.306447699518738
0.324773482521827
0.344162496826684
0.364917778985411
0.387387455779140
0.411969503306496
0.439117232431645
0.469344849953012
0.503230977253865
0.541414315302476
0.584567083017985
0.633312904342018
0.688019433717664
0.748349355539697
0.016456813865200
0.032884014734916
0.049253026728644
0.065537381576878
0.081713858210241
0.097763716634011
0.113674057766038
0.129439319578446
0.145062929556313
0.160559101814136
0.175954780237834
0.191291690157432
0.206628480638210
0.222042900442788
0.237633982910398
0.253524184050996
0.269861466226829
0.286821297400738
0.304608588487252
0.323459555504252
0.343643505218963
0.365464418604939
0.389262039301046
0.415411707823001
0.444321349374178
0.476422300354373
0.512147518122919
0.551885166215806
0.595887423524478
0.644107317735253
0.695948829579230
0.015027920389287
0.030032879985808
0.044992933435059
0.059888193460582
0.074701922927233
0.089421702943572
0.104040688663244
0.118558972740287
0.132985051777934
0.147337403045278
0.161646146059791
0.175954780237834
0.190321952750029
0.204823234502255
0.219552845378796
0.234625302077988
0.250176925995219
0.266367181778983
0.283379768773255
0.301423392606473
0.320732037611314
0.341564459136416
0.364202325724115
0.388946027356108
0.416106373797965
0.445989213018686
0.478868167590628
0.514938541251491
0.554244230044323
0.596573533677228
0.641338619460774
0.013621963513866
0.027226602780307
0.040797561918080
0.054320440563642
0.067783820745925
0.081180345138275
0.094507864624189
0.107770654777073
0.120980710977928
0.134159105381770
0.147337403045278
0.160559101814136
0.173881079432917
0.187374995090298
0.201128616396286
0.215247003752793
0.229853508268818
0.245090490599619
0.261119676031414
0.278121978367132
0.296296575810472
0.315858847457824
0.337036586310971
0.360063525914909
0.385168748864008
0.412559871920265
0.442397281620814
0.474756505815697
0.509577350076979
0.546603918864903
0.585332090394368
0.012233307863403
0.024453960306498
0.036650202710646
0.048812097080609
0.060932463631912
0.073007862959763
0.085039620910562
0.097034906224103
0.109007850408647
0.120980710977928
0.132985051777934
0.145062929556314
0.157268043309092
0.169666821803725
0.182339387612227
0.195380355570862
0.208899378976611
0.223021368093254
0.237886241617544
0.253648054035975
0.270473232658146
0.288537575092777
0.308021464580762
0.329102576586772
0.351945074815301
0.376684114897909
0.403404470434036
0.432112761264139
0.462704677400335
0.494932655914063
0.528385800229327
0.010857286428543
0.021705685270167
0.032537128738171
0.043345197850449
0.054125971760937
0.064878900839588
0.075607712591645
0.086321344390696
0.097034906224103
0.107770654777073
0.118558972740287
0.129439319578446
0.140461135422108
0.151684647031248
0.163181541383065
0.175035433573908
0.187342068678542
0.200209147007214
0.213755661288231
0.228110561755438
0.243410534901439
0.259796574108097
0.277408953102009
0.296380086626690
0.316824721669977
0.338826921103328
0.362423621972877
0.387585307840707
0.414195879546938
0.442036184560222
0.470778433404177
0.009490133001603
0.018974327000501
0.028447371136833
0.037905518091812
0.047347230559937
0.056773946102700
0.066190857505185
0.075607712591645
0.085039620910562
0.094507864624189
0.104040688663244
0.113674057766038
0.123452340620077
0.133428895425828
0.143666498525962
0.154237570770445
0.165224116367523
0.176717295878563
0.188816503623166
0.201627813967076
0.215261594919631
0.229829068794385
0.245437532683061
0.262183955216723
0.280146677414048
0.299375115929247
0.319877694351583
0.341608892848613
0.364457290401902
0.388237730768757
0.412691729248159
0.008128901175117
0.016254083631278
0.024372459178853
0.032482204239361
0.040583402591136
0.048678695942394
0.056773946102700
0.064878900839588
0.073007862959763
0.081180345138275
0.089421702943572
0.097763716634011
0.106245103968340
0.114911919759577
0.123817809836494
0.133024055404474
0.142599353454526
0.152619240749905
0.163165073460804
0.174322430001698
0.186178805436740
0.198820424459158
0.212328016376586
0.226771397422551
0.242202804208206
0.258649071284340
0.276103062962437
0.294515210219599
0.313786606905310
0.333765683902625
0.354250735417454
0.006771372684464
0.013540616837350
0.020306132149741
0.027067377594752
0.033825405640351
0.040583402591136
0.047347230559937
0.054125971760937
0.060932463631912
0.067783820745925
0.074701922927233
0.081713858210241
0.088852288674442
0.096155717311900
0.103668609468518
0.111441332073117
0.119529845108757
0.127995087709985
0.136901969283198
0.146317883494325
0.156310633954956
0.166945677949275
0.178282589622866
0.190370703945390
0.203243971148193
0.216915215655572
0.231370202011730
0.246562218661152
0.262408197538918
0.278787632185691
0.295545513135912
0.005415959794351
0.010830852904717
0.016244036691824
0.021655717389519
0.027067377594752
0.032482204239361
0.037905518091812
0.043345197850449
0.048812097080609
0.054320440563642
0.059888193460582
0.065537381576878
0.071294348961685
0.077189920738811
0.083259447361519
0.089542685145738
0.096083475906361
0.102929165091828
0.110129706222080
0.117736377709051
0.125800052590876
0.134368953037489
0.143485858239804
0.153184763426091
0.163487077090448
0.174397544195531
0.185900248578134
0.197955213914330
0.210496294107335
0.223431108186112
0.236643672009465
0.004061602992145
0.008122777401409
0.012183412942285
0.016244036691824
0.020306132149741
0.024372459178853
0.028447371136833
0.032537128738171
0.036650202710646
0.040797561918080
0.044992933435059
0.049253026728644
0.053597701407206
0.058050064279244
0.062636466509222
0.067386378143188
0.072332100695337
0.077508285487990
0.082951209354843
0.088697769582566
0.094784150322495
0.101244134320631
0.108107043306991
0.115395338698458
0.123121961011314
0.131287575957083
0.139877983230914
0.148862053325777
0.158190625408950
0.167796813548025
0.177598056119759
0.002707666809926
0.005415224768576
0.008122777401409
0.010830852904717
0.013540616837350
0.016254083631278
0.018974327000501
0.021705685270167
0.024453960306498
0.027226602780307
0.030032879985808
0.032884014734916
0.035793287917593
0.038776088034802
0.041849895404314
0.045034178219865
0.048350182395186
0.051820586383018
0.055468998385082
0.059319265183360
0.063394573148787
0.067716322432890
0.072302779169845
0.077167529064850
0.082317800761275
0.087752769832376
0.093462016766482
0.099424359367881
0.105607317071990
0.111967448479368
0.118451730958650
0.001353834077148
0.002707666809926
0.004061602992145
0.005415959794351
0.006771372684464
0.008128901175117
0.009490133001603
0.010857286428543
0.012233307863403
0.013621963513866
0.015027920389287
0.016456813865200
0.017915294755403
0.019411050988671
0.020952794007629
0.022550202338292
0.024213809436787
0.025954825714429
0.027784879881062
0.029715669174590
0.031758506052742
0.033923757695321
0.036220179273185
0.038654159022869
0.041228908174442
0.043943655511374
0.046792928655559
0.049766029413342
0.052846819033850
0.056013921687173
0.059241413833641
