0.111986391477332
0.223470242679579
0.333828998349723
0.442137055862412
0.546796346428459
0.644648131957998
0.728528310476997
0.779681569089541
0.741582077959204
0.671097125533525
0.587296210905153
0.497597396912256
0.405311369716110
0.312038688769201
0.218519344384600
0.099475323229748
0.198065580891263
0.294708694856899
0.387922878671467
0.475400197893427
0.553267870926538
0.614783540860447
0.648615887921964
0.640549617213749
0.605510213269745
0.555490321174830
0.497782007027759
0.436609393182985
0.374324040976093
0.312038688769201
0.087849320550399
0.174608062798824
0.259017321515145
0.339445566073131
0.413613695547243
0.478239612994279
0.528722094116290
0.559448824524117
0.566490289704085
0.554903789156875
0.531372853496663
0.501430916840968
0.469020155011976
0.436609393182985
0.405311369716110
0.077313896173023
0.153500028238489
0.227306962331726
0.297228368558669
0.361369405228137
0.417354791387043
0.462416398086317
0.493967026354129
0.511058927921599
0.516241800157005
0.513666386813978
0.507548651827473
0.501430916840968
0.497782007027760
0.497597396912256
0.067906235903205
0.134771191650384
0.199482131014600
0.260791540601681
0.317280765419591
0.367393749239442
0.409621680487804
0.442943954884485
0.467536595471179
0.485338096735568
0.499502241774773
0.513666386813979
0.531372853496663
0.555490321174830
0.587296210905153
0.059539855789412
0.118196371445243
0.175058829474610
0.229174897413864
0.279568366609103
0.325317759663329
0.365732619740973
0.400650517224828
0.430805402343062
0.458071749539315
0.485338096735568
0.516241800157005
0.554903789156875
0.605510213269745
0.671097125533526
0.052056815809199
0.103415608866565
0.153381918024733
0.201280852970062
0.246500043939630
0.288576303063799
0.327340521587931
0.363120091930790
0.396962747136926
0.430805402343062
0.467536595471179
0.511058927921600
0.566490289704085
0.640549617213750
0.741582077959204
0.045271798580819
0.090027330187085
0.133772380787695
0.176066552502022
0.216574653115553
0.255146887064306
0.291933071616162
0.327526581773476
0.363120091930790
0.400650517224828
0.442943954884485
0.493967026354130
0.559448824524117
0.648615887921964
0.779681569089541
0.039003048326992
0.077649532513263
0.115613722436938
0.152638323134779
0.188585128956255
0.223503520461710
0.257718296038936
0.291933071616163
0.327340521587931
0.365732619740973
0.409621680487804
0.462416398086317
0.528722094116290
0.614783540860447
0.728528310476997
0.033090862213885
0.065954029102036
0.098394653312014
0.130287888643902
0.161624019112977
0.192563769787344
0.223503520461710
0.255146887064306
0.288576303063799
0.325317759663329
0.367393749239442
0.417354791387044
0.478239612994279
0.553267870926538
0.644648131957999
0.027406371426512
0.054681068368981
0.081722973065181
0.108494559015839
0.135059289064408
0.161624019112977
0.188585128956255
0.216574653115553
0.246500043939629
0.279568366609104
0.317280765419591
0.361369405228137
0.413613695547243
0.475400197893427
0.546796346428460
0.021853555123180
0.043640899882197
0.065321611563889
0.086908085289864
0.108494559015839
0.130287888643902
0.152638323134779
0.176066552502022
0.201280852970062
0.229174897413864
0.260791540601681
0.297228368558669
0.339445566073131
0.387922878671468
0.442137055862413
0.016366949184011
0.032707364472739
0.049014488018314
0.065321611563889
0.081722973065181
0.098394653312014
0.115613722436938
0.133772380787695
0.153381918024733
0.175058829474610
0.199482131014600
0.227306962331726
0.259017321515145
0.294708694856900
0.333828998349723
0.010906877140127
0.021807120806433
0.032707364472739
0.043640899882197
0.054681068368981
0.065954029102036
0.077649532513263
0.090027330187085
0.103415608866565
0.118196371445243
0.134771191650384
0.153500028238489
0.174608062798824
0.198065580891263
0.223470242679580
0.005453438570064
0.010906877140127
0.016366949184012
0.021853555123180
0.027406371426512
0.033090862213885
0.039003048326992
0.045271798580819
0.052056815809199
0.059539855789412
0.067906235903205
0.077313896173023
0.087849320550399
0.099475323229749
0.111986391477332
