0.111975086056615
0.2234468147810366
0.333797050337864
0.442093403383174
0.5467489185340401
0.6445908137760833
0.728472463133608
0.7796196143989179
0.7415260025047196
0.6710401924859919
0.5872484231727882
0.4975540254226933
0.4052793244958059
0.3120152737046966
0.218508075622759
0.09945209685389489
0.1980220150834507
0.2946420969590023
0.3878430645543418
0.4752998210844452
0.5531641553260576
0.6146649326688605
0.648503551198921
0.6404313430917203
0.605406038529018
0.555390385549366
0.4977020644894206
0.436542711381709
0.374280756258757
0.3120152737046958
0.08781671968279307
0.1745421884000693
0.2589250795742853
0.3393229642682239
0.4134766018427627
0.478078669538328
0.5285607945936636
0.5592745911439729
0.5663288442036863
0.5547430333458954
0.5312359006166377
0.5013078749082401
0.4689287588335415
0.4365427113817094
0.4052793244958057
0.07727162136863097
0.1534181668317052
0.2271859367976226
0.2970780806993179
0.361187259649135
0.4171593206521413
0.4622009880279018
0.4937557857483115
0.5108433150534597
0.5160469843536888
0.5134831153758979
0.5074001872186671
0.5013078749082398
0.4977020644894215
0.4975540254226939
0.06785667390563416
0.1346742281012966
0.1993415694538277
0.2606115198436571
0.3170713678090368
0.3671577247966835
0.4093753920141104
0.4426878710050293
0.4672911341202516
0.4851004390605868
0.4992955098741091
0.5134831153758961
0.5312359006166384
0.5553903855493665
0.5872484231727886
0.05948532369246456
0.1180878752137524
0.1749031203600278
0.2289750466584689
0.2793346765883313
0.3250572976121097
0.365456322898097
0.4003695273330334
0.4305277745380183
0.457814089224617
0.4851004390605864
0.5160469843536898
0.5547430333458937
0.605406038529018
0.6710401924859929
0.05199787743237084
0.1033022828589394
0.1532142795745643
0.2010712238066489
0.2462494111862952
0.2883021790504392
0.3270453831229623
0.3628224076295313
0.3966694467575976
0.430527774538018
0.4672911341202516
0.5108433150534586
0.5663288442036846
0.6404313430917218
0.7415260025047193
0.04521288692450939
0.08990950682468282
0.1336046764493621
0.1758486843897547
0.2163239745299037
0.2548619989731982
0.2916373021169408
0.3272191297549308
0.3628224076295312
0.400369527333033
0.4426878710050292
0.4937557857483105
0.5592745911439729
0.6485035511989227
0.7796196143989171
0.03894433806125984
0.07753587243607872
0.1154462299645415
0.1524288967810911
0.1883336690801543
0.2232307274105179
0.2574213194883284
0.2916373021169423
0.3270453831229622
0.3654563228980962
0.4093753920141103
0.462200988027901
0.5285607945936633
0.6146649326688606
0.7284724631336096
0.03303594498255785
0.06584599201079279
0.0982387565524611
0.1300873829569209
0.1613919623244296
0.192300505999603
0.2232307274105183
0.2548619989731976
0.2883021790504399
0.32505729761211
0.3671577247966839
0.417159320652141
0.4780786695383288
0.5531641553260581
0.644590813776086
0.02735716926688651
0.05458366363637594
0.08158227067995166
0.1083156641168938
0.1348472257439637
0.1613919623244293
0.1883336690801543
0.2163239745299033
0.2462494111862957
0.2793346765883312
0.3170713678090362
0.3611872596491339
0.4134766018427622
0.4752998210844452
0.5467489185340412
0.0218109993291115
0.04355916689662543
0.06520102615760658
0.08675597417996866
0.1083156641168939
0.1300873829569214
0.1524288967810909
0.1758486843897547
0.201071223806649
0.2289750466584688
0.2606115198436566
0.297078080699317
0.3393229642682234
0.3878430645543417
0.4420934033831748
0.01633444552485164
0.03264157397736145
0.04892140031503036
0.06520102615760681
0.08158227067995159
0.09823875655246112
0.1154462299645418
0.1336046764493618
0.1532142795745646
0.1749031203600281
0.1993415694538278
0.2271859367976226
0.2589250795742856
0.2946420969590023
0.333797050337865
0.01088363793023525
0.02176327390814328
0.0326415739773614
0.04355916689662539
0.05458366363637593
0.06584599201079266
0.07753587243607875
0.08990950682468288
0.1033022828589392
0.1180878752137529
0.1346742281012968
0.1534181668317054
0.1745421884000688
0.19802201508345
0.2234468147810366
0.005442096490471036
0.01088363793023529
0.01633444552485164
0.02181099932911152
0.0273571692668865
0.03303594498255799
0.03894433806125994
0.04521288692450957
0.05199787743237088
0.05948532369246445
0.06785667390563407
0.07727162136863104
0.08781671968279289
0.0994520968538951
0.1119750860566152