0.0592279100241537
0.1184252403716273
0.1775584307101407
0.2365912652557683
0.2954814440792722
0.3541747278687669
0.4126050779007051
0.4706822652103463
0.5282798132530717
0.5852189978846982
0.6412181792510072
0.6958223626436573
0.7482195436554122
0.7967941881729127
0.8379243857594643
0.8621632627113005
0.8411850607709198
0.8033385020295839
0.758088621539917
0.7090814651522722
0.6579489030381409
0.6055203081476972
0.5522673225357628
0.4984785958829629
0.4443441182775009
0.3899895154741334
0.3355027982320025
0.280941520414866
0.2263435943570993
0.1717314275689482
0.1171155714789134
0.0559875315678725
0.1119141882791442
0.1677179867828613
0.2233274539226616
0.2786590876196136
0.3336151105597575
0.388065469146233
0.4418435290950643
0.4947235131696273
0.5463772991252727
0.5963342174400018
0.6438567830093788
0.6877583402504034
0.7260432900293153
0.7552340616293103
0.769554112541175
0.7617348835086125
0.7390869364380852
0.7074348602270746
0.6702916275153589
0.6296957085742515
0.5868677672405327
0.542571348421789
0.4973061802740465
0.4514086045132443
0.4051136435749947
0.358580894401281
0.3119206240900604
0.2652025965901482
0.2184665651207237
0.1717314275689833
0.05280688467104096
0.1055288236137105
0.1580732081900462
0.2103412650964848
0.2622182603669458
0.3135615547379517
0.3642008692809491
0.4139106495670328
0.46239122936961
0.5092422521403486
0.5538871755274458
0.5955138785365662
0.632926917291508
0.6643797998805501
0.6874327943013692
0.6990772609035134
0.697127931056724
0.6838388241923963
0.6622796438744857
0.6349590332110292
0.6036785606244703
0.5696881262105342
0.5338489805456731
0.4967681673025611
0.458875628168098
0.4204770219445909
0.3817895398900151
0.3429596865148538
0.3040803950779217
0.2652025965901865
0.2263435943571274
0.04971413951167051
0.09931998752026562
0.1487075167740233
0.1977515778824813
0.2463104369310689
0.294219711070483
0.3412706831177144
0.387208127680898
0.4317016772111351
0.4743124379336457
0.5144694516912621
0.5513923765092759
0.5840571559167538
0.6111336569208208
0.6310359997851748
0.6422129181017794
0.6438602655635371
0.6368724954410393
0.6228929410388281
0.6035911188128023
0.5803812345667587
0.5543613527755549
0.526374917265704
0.4970480131473566
0.4668523509500342
0.4361345456052441
0.4051439146062817
0.3740507279091686
0.3429596865148698
0.3119206240900569
0.2809415204148426
0.04672829543307942
0.09333434150238765
0.1396872416120371
0.1856489172141757
0.2310611975120925
0.2757378966385477
0.319461597378179
0.3619594871594715
0.4028966867814934
0.4418522049573978
0.4782883589332378
0.5115420683048219
0.5407852968165664
0.5650684035685243
0.5833800612923818
0.5948828073946265
0.5992414408762012
0.5969075905289118
0.5888350859992694
0.5761460826869413
0.5598970559334487
0.5410140242166639
0.5202468753599955
0.4982042630838373
0.4753580666501013
0.4520701738271023
0.4286055518631662
0.4051439146062244
0.3817895398899896
0.358580894401268
0.335502798231965
0.04386799545908474
0.08760160374323393
0.1310632027193285
0.1741014456564005
0.2165504170339421
0.2582195570010036
0.2988839593001268
0.3382802902003429
0.376085870304211
0.4119165219114378
0.4453075736567497
0.4757064683564683
0.5024920698236309
0.5249821985722886
0.5425479971107448
0.5547081378985325
0.5613290447581366
0.5626902466004741
0.5594114333321537
0.5522654441349487
0.5420647450173072
0.5295563710421091
0.5154062479700443
0.5001726168389612
0.48431297347165
0.4681897681267121
0.4520701738271095
0.4361345456052743
0.4204770219445927
0.4051136435749888
0.3899895154740727
0.04114235935803823
0.08214545618926725
0.1228654358200217
0.1631492481464904
0.2028273108704815
0.2417121055814861
0.2795865567778755
0.3161994331799806
0.3512630289802309
0.3844337005071218
0.4153272556415804
0.4435060164702144
0.4684982150122162
0.4898446800357055
0.507128453152734
0.5200928980537529
0.5286867539813875
0.5331320692611102
0.5338632316085923
0.5314593994664352
0.5265480525537021
0.5197552354920659
0.5116606948302435
0.5027756739457836
0.4935425922905196
0.4843129734716988
0.4753580666500694
0.466852350950079
0.4588756281681745
0.4514086045132712
0.4443441182774646
0.03855736715876665
0.07697577799772259
0.1151094264281587
0.1528076577954673
0.189907145462338
0.226223881204218
0.26155931952519
0.295684519307905
0.3283403503069828
0.35924590597194
0.3880771571778147
0.4145018179359667
0.4381757763495311
0.4587761185796379
0.4760532313708554
0.48985976267454
0.5002131162558414
0.5073015533037646
0.5114695483816533
0.5131733299827405
0.5129288942470858
0.5112715198504729
0.5087144697634333
0.5057435965256747
0.5027756739458152
0.5001726168389192
0.498204263083787
0.4970480131473353
0.4967681673025838
0.497306180273991
0.4984785958829488
0.03611519208046565
0.0720921145656695
0.1077949241341111
0.1430742323637135
0.177774380465062
0.2117308620508936
0.2447543278030498
0.2766474080363943
0.3071904575037025
0.3361404234525289
0.3632538552188221
0.3882673402190089
0.4109393412741359
0.4310554827102622
0.4484630342707958
0.4630999344256201
0.4750234313298174
0.4844094754651365
0.4915579027237809
0.4968524734406129
0.5007417542721586
0.5036975236866251
0.5062042010697702
0.5087144697634516
0.5116606948302342
0.5154062479699841
0.5202468753600273
0.526374917265676
0.5338489805456555
0.5425713484217281
0.5522673225357734
0.03380960125279958
0.06749136216031705
0.1009074899946977
0.1339257085572777
0.1664007408232611
0.1981761735296159
0.2290951963472129
0.2589779993642178
0.2876418770121297
0.3148970972134229
0.3405426826846856
0.3643951294276404
0.3862792840961355
0.4060627986123564
0.4236623926276845
0.4390778470143553
0.4523872047466926
0.4637783363750563
0.4735180099210285
0.4819576786040199
0.4895022353465303
0.4965966584488375
0.5036975236865711
0.5112715198505137
0.5197552354920929
0.5295563710420488
0.5410140242166182
0.5543613527755532
0.5696881262105623
0.5868677672405196
0.6055203081476753
0.03163883838124384
0.06315402279711635
0.09442832302682722
0.1253301505151962
0.1557310428979759
0.1854974669940236
0.2144818952528527
0.2425422753641601
0.2695242915510605
0.2952750534588762
0.3196492786107931
0.3425088402202034
0.3637428166395782
0.3832724203719373
0.4010736722869638
0.41717659802241
0.4316975441788073
0.4448167547895366
0.456800131378745
0.4679779617967075
0.4787347871793273
0.4895022353464888
0.5007417542721604
0.5129288942470507
0.5265480525536337
0.5420647450172783
0.5598970559334737
0.5803812345668424
0.6036785606245171
0.6296957085742527
0.6579489030381522
0.02958898317898603
0.05906911134646683
0.08832375694490861
0.1172440933765953
0.1457119123194865
0.1736071047659981
0.2008120708246648
0.2272008705792201
0.252653439957173
0.2770523870612723
0.3002890234273859
0.322270708023121
0.3429315386690069
0.362237513073223
0.3801996227843452
0.3968884240123187
0.4124274739483512
0.4270153212560432
0.4409122438023318
0.4544381352206824
0.4679779617967024
0.481957678603967
0.4968524734405784
0.5131733299827044
0.5314593994664656
0.5522654441349507
0.5761460826869285
0.6035911188128034
0.6349590332111005
0.6702916275153814
0.7090814651522713
0.02765466296524427
0.0552085131464072
0.08256474546204096
0.1096197908234741
0.1362735815344139
0.1624249921885916
0.187971218508983
0.212813162938342
0.2368564670004177
0.2600117896192636
0.2822041803655079
0.303378115206023
0.3234979678754949
0.3425679431466056
0.3606286638942443
0.3777689042830872
0.3941357415583833
0.4099305274288729
0.4254139155902537
0.440912243802333
0.4568001313787988
0.4735180099210951
0.4915579027237807
0.51146954838167
0.5338632316086758
0.5594114333321298
0.5888350859992878
0.6228929410387763
0.6622796438744553
0.7074348602270207
0.7580886215398533
0.02582076440074938
0.05155438366700942
0.07711176572676767
0.1024064148242285
0.1273514539580553
0.1518605574791816
0.1758505021835492
0.1992440677943818
0.2219651578030694
0.2439550486310268
0.2651631094128286
0.2855589626978595
0.3051412425662443
0.3239330429495679
0.3420003421257015
0.3594513401897156
0.3764409193188336
0.3931787146383267
0.4099305274288961
0.427015321256113
0.4448167547895592
0.4637783363750781
0.48440947546515
0.5073015533038172
0.5331320692611776
0.5626902466004696
0.5969075905289809
0.6368724954410193
0.6838388241923201
0.7390869364380894
0.8033385020296347
0.02407810343566125
0.04807972819569302
0.07192978851668219
0.09555337700907743
0.1188764281876227
0.1418293724715273
0.1643454949197374
0.1863614490123676
0.2078288498515465
0.2287010007117814
0.2489546595447777
0.2685815610068264
0.287596867072426
0.3060484328925365
0.3240162447946517
0.3416191392351772
0.3590237763698531
0.3764409193187802
0.394135741558393
0.4124274739483778
0.4316975441787474
0.4523872047466219
0.47502343132978
0.5002131162558454
0.5286867539814118
0.5613290447581485
0.5992414408761897
0.6438602655635366
0.6971279310567091
0.7617348835086042
0.8411850607709148
0.02241349940566592
0.0447627790699355
0.06698208966685537
0.0890096500103216
0.1107851929450975
0.1322503538346362
0.1533539550433209
0.174051359222752
0.1943033922283603
0.2140895678196743
0.2333972252846759
0.2522376087847799
0.2706432260118694
0.2886740845443317
0.3064208320827696
0.3240142612646943
0.3416191392352402
0.3594513401897315
0.3777689042830542
0.3968884240122797
0.417176598022392
0.4390778470143324
0.4630999344256113
0.4898597626745534
0.5200928980537538
0.5547081378984956
0.5948828073946469
0.6422129181018733
0.6990772609035504
0.7695541125411455
0.8621632627113111
0.02081742842424083
0.04157890631640612
0.06223465176137284
0.08272911123074574
0.1030150486038141
0.1230483248240442
0.1427871940911379
0.1622015641273501
0.1812684527925038
0.1999761885928056
0.2183307876529456
0.2363537098427974
0.2540897894082961
0.271607855699445
0.289008713219461
0.3064208320827763
0.3240162447946694
0.3420003421257097
0.3606286638942435
0.3801996227843684
0.4010736722869599
0.423662392627664
0.4484630342707837
0.4760532313708282
0.5071284531527512
0.5425479971106537
0.5833800612923477
0.6310359997851424
0.6874327943013951
0.7552340616292991
0.8379243857595111
0.01927645054406103
0.03851073725825214
0.05765274141496844
0.07666757630400171
0.0955122669976355
0.1141525094509579
0.1325631129581881
0.1507186330702363
0.168611165048178
0.1862395108683361
0.2036187749952449
0.2207811545150254
0.2377786582839692
0.2546873712607547
0.2716078556994034
0.2886740845443425
0.3060484328925619
0.3239330429495506
0.3425679431465768
0.36223751307323
0.3832724203719381
0.406062798612394
0.4310554827103349
0.4587761185796408
0.4898446800356995
0.5249821985722287
0.5650684035685892
0.6111336569208015
0.6643797998806173
0.7260432900292687
0.7967941881728189
0.01778558508071313
0.03553199316982442
0.05321201887905108
0.07078400570138288
0.088223792351728
0.1055056286800846
0.122606201912551
0.1395193909062471
0.1562379055507724
0.1727730637943227
0.1891468656263303
0.2053974100727072
0.2215820201607591
0.2377786582839639
0.2540897894082798
0.2706432260118549
0.2875968670724466
0.3051412425662465
0.3234979678754861
0.3429315386690074
0.3637428166395942
0.3862792840961077
0.4109393412741161
0.4381757763495483
0.4684982150122483
0.5024920698236576
0.5407852968166166
0.5840571559166584
0.6329269172914846
0.6877583402505018
0.7482195436554494
0.01632988067031107
0.03263426684051202
0.04887860227036817
0.06504535107309382
0.08110789793737611
0.09704812898750685
0.1128586878284117
0.1285293585324231
0.144068306735509
0.1594898378849063
0.1748199018509269
0.1901032808255918
0.2053974100727187
0.2207811545150315
0.2363537098427866
0.2522376087847414
0.2685815610068351
0.2855589626978712
0.3033781152060409
0.3222707080231208
0.3425088402201924
0.3643951294275809
0.3882673402189573
0.4145018179359635
0.4435060164702236
0.4757064683564209
0.5115420683047766
0.5513923765093384
0.5955138785365864
0.6438567830094347
0.6958223626436146
0.01490811459410926
0.02979253166285381
0.04463693792973966
0.05941836763976651
0.07412234589779063
0.08874029563345517
0.103261098340748
0.1176905382948724
0.1320363924977304
0.1463155007970404
0.1605637700422593
0.1748199018509366
0.1891468656263295
0.2036187749952532
0.2183307876529414
0.2333972252846439
0.2489546595447779
0.2651631094128624
0.2822041803655455
0.3002890234273922
0.3196492786107781
0.3405426826846631
0.3632538552188198
0.3880771571778298
0.4153272556416171
0.4453075736567536
0.4782883589332257
0.5144694516913113
0.553887175527404
0.596334217440006
0.6412181792510177
0.01350829098975628
0.02700089404509497
0.04046161592450211
0.05387679371534435
0.0672389215640076
0.080536324399013
0.09377366136225174
0.106952385485641
0.1200847767781236
0.1331975359780475
0.1463155007970446
0.1594898378848974
0.1727730637943059
0.1862395108683505
0.1999761885928234
0.2140895678196727
0.2287010007117688
0.2439550486310412
0.2600117896192717
0.2770523870612793
0.2952750534589058
0.314897097213436
0.3361404234525328
0.3592459059719659
0.3844337005071452
0.4119165219114352
0.4418522049573869
0.474312437933626
0.5092422521403603
0.5463772991252607
0.5852189978846887
0.01212768279776668
0.02424427931354025
0.03633717295802977
0.0484009923091259
0.06042419188653961
0.07241048438510191
0.08435666195304056
0.09627328857994659
0.108176713937658
0.1200847767781275
0.1320363924977369
0.1440683067355092
0.1562379055507659
0.1686111650481909
0.1812684527925129
0.1943033922283668
0.2078288498515435
0.2219651578030751
0.2368564670004028
0.2526534399571417
0.2695242915510836
0.2876418770121703
0.3071904575037035
0.328340350306942
0.3512630289801968
0.3760858703042034
0.4028966867815351
0.4317016772111092
0.4623912293695829
0.4947235131696195
0.5282798132531289
0.0107610364862172
0.02151312681871127
0.03225190869257873
0.04296777232902298
0.05366236953800101
0.06433155456559249
0.07498307875933111
0.08562544209016393
0.096273288579938
0.1069523854856435
0.1176905382948847
0.1285293585324324
0.1395193909062416
0.1507186330702403
0.1622015641273434
0.1740513592227559
0.1863614490123723
0.1992440677943738
0.2128131629383313
0.2272008705792129
0.2425422753641491
0.2589779993642081
0.2766474080364039
0.2956845193078948
0.3161994331799794
0.3382802902003241
0.3619594871594802
0.387208127680883
0.413910649566981
0.441843529095059
0.4706822652104
0.0094033189812618
0.01880232082224042
0.0281906769328877
0.03756758031413627
0.04693084159853749
0.05628309140998188
0.06563052126523555
0.07498307875933642
0.08435666195303494
0.09377366136225386
0.1032610983407659
0.1128586878284209
0.1226062019125454
0.1325631129581811
0.1427871940911254
0.1533539550433376
0.1643454949197586
0.1758505021835316
0.1879712185089591
0.2008120708246708
0.2144818952528423
0.2290951963472212
0.244754327803074
0.2615593195251716
0.2795865567778628
0.2988839593001458
0.3194615973781832
0.3412706831177136
0.3642008692809508
0.3880654691462275
0.4126050779006867
0.008053207853722091
0.01610307072803732
0.02414773551272529
0.03218661112164323
0.04021813984535937
0.04824934587533539
0.0562830914099814
0.06433155456558336
0.07241048438509461
0.08053632439900905
0.08874029563345823
0.09704812898750564
0.1055056286800798
0.1141525094509558
0.1230483248240379
0.1322503538346329
0.1418293724715332
0.1518605574791779
0.1624249921885955
0.1736071047660103
0.1854974669940156
0.1981761735296312
0.2117308620509025
0.2262238812042234
0.2417121055814855
0.2582195570010231
0.2757378966385454
0.2942197110704831
0.313561554737964
0.3336151105597697
0.3541747278687735
0.006706941280358446
0.0134125347207415
0.02011596208892502
0.02681543953900548
0.03351684316106704
0.04021813984536459
0.04693084159854508
0.05366236953799818
0.06042419188653405
0.06723892156399235
0.07412234589777753
0.08110789793737973
0.0882237923517233
0.09551226699762662
0.1030150486038133
0.1107851929450927
0.1188764281876143
0.1273514539580326
0.1362735815344204
0.1457119123195077
0.1557310428979971
0.1664007408232664
0.1777743804650358
0.189907145462342
0.2028273108704768
0.2165504170339375
0.2310611975121203
0.2463104369311003
0.2622182603669206
0.2786590876196006
0.2954814440792783
0.005363884352591517
0.01072681735289732
0.01608909535561608
0.02145242785572115
0.02681543953900357
0.03218661112164671
0.03756758031414142
0.04296777232902989
0.04840099230912544
0.0538767937153386
0.05941836763975251
0.06504535107309133
0.07078400570138682
0.07666757630400575
0.08272911123074762
0.08900965001031931
0.09555337700907088
0.1024064148242212
0.1096197908234855
0.1172440933765778
0.1253301505151869
0.1339257085572809
0.1430742323636983
0.1528076577954587
0.1631492481464954
0.174101445656412
0.1856489172141839
0.1977515778824696
0.210341265096466
0.2233274539226771
0.2365912652557691
0.00402172102406251
0.008044213806411552
0.01206602130221707
0.01608909535561291
0.02011596208891802
0.02414773551272482
0.02819067693288742
0.03225190869258441
0.03633717295802886
0.04046161592450671
0.04463693792973768
0.04887860227035883
0.05321201887905042
0.05765274141497539
0.06223465176138679
0.06698208966687488
0.07192978851668523
0.07711176572676078
0.0825647454620454
0.08832375694489976
0.09442832302681882
0.1009074899947069
0.1077949241341116
0.1151094264281465
0.1228654358200147
0.1310632027193314
0.1396872416120491
0.1487075167740235
0.1580732081900435
0.1677179867828658
0.1775584307101369
0.00268134437055737
0.005361811437578358
0.008044213806412955
0.01072681735289896
0.01341253472073972
0.01610307072803597
0.01880232082224039
0.02151312681871954
0.02424427931355021
0.02700089404510036
0.02979253166285593
0.03263426684050913
0.03553199316982097
0.03851073725825255
0.04157890631641518
0.04476277906995036
0.04807972819571014
0.05155438366701299
0.05520851314640077
0.0590691113464633
0.06315402279710444
0.06749136216031489
0.07209211456568144
0.07697577799773499
0.08214545618925904
0.08760160374320297
0.09333434150238859
0.09931998752028334
0.1055288236137132
0.1119141882791431
0.1184252403716324
0.00134024856938085
0.002681344370556892
0.004021721024063017
0.005363884352593266
0.006706941280360122
0.008053207853722388
0.009403318981261581
0.01076103648621732
0.01212768279777563
0.01350829098976461
0.01490811459411636
0.01632988067030794
0.01778558508070018
0.01927645054405935
0.02081742842425027
0.02241349940567177
0.02407810343567762
0.0258207644007598
0.02765466296523409
0.02958898317896947
0.03163883838122693
0.03380960125279239
0.03611519208046426
0.03855736715876638
0.04114235935803971
0.04386799545907657
0.04672829543307334
0.04971413951166241
0.05280688467103212
0.05598753156787199
0.0592279100241518