26.4411067672
24.3917598550
22.8660663467
21.6149154516
20.5447813245
19.6096032574
18.7825944827
18.0460791479
17.3872523598
16.7962183566
16.2649830765
15.7868828282
15.3562335695
14.9681032394
14.6181580281
14.3025551949
14.0178659607
13.7610181181
13.5292517171
13.3200835419
13.1312776253
12.9608200405
12.8068968503
12.6678745014
12.5422822089
12.4287960295
12.3262244208
12.2334951354
12.1496433319
12.0738008032
12.0051862330
11.9430963959
11.8868982243
11.8360216666
11.7899532663
11.7482303958
11.7104360825
11.6761943694
11.6451661564
11.6170454743
11.5915561467
11.5684487977
11.5474981718
11.5285007311
11.5112724997
11.4956471315
11.4814741747
11.4686175146
11.4569539735
11.4463720528
11.4367708015
11.4280587979
11.4201532328
11.4129790836
11.4064683695
11.4005594807
11.3951965724
11.3903290180
11.3859109157
11.3819006422
11.3782604500
11.3749561026
11.3719565452
11.3692336066
11.3667617292
11.3645177251
11.3624805549
11.3606311272
11.3589521176
11.3574278042
11.3560439188
11.3547875116
11.3536468295
11.3526112046
11.3516709541
11.3508172886
11.3500422299
11.3493385358
11.3486996319
11.3481195503
11.3475928730
11.3471146815
11.3466805108
11.3462863071
11.3459283904
11.3456034193
11.3453083608
11.3450404608
11.3447972190
11.3445763654
11.3443758391
11.3441937688
11.3440284558
11.3438783575
11.3437420734
11.3436183321
11.3435059791
11.3434039662
11.3433113417
11.3432272415
11.3431508811
11.3430815481
11.3430185958
11.3429614369
11.3429095383
11.3428624158
11.3428196299
11.3427807815
11.3427455082
11.3427134809
11.3426844011
11.3426579974
11.3426340235
11.3426122558
11.3425924914
11.3425745458
11.3425582516
11.3425434569
11.3425300237
11.3425178268
11.3425067522
11.3424966968
11.3424875667
11.3424824971
