0.198529491066001
0.389340188688538
0.558279494311115
0.669065337002872
0.610684505905611
0.499291673621823
0.374645836810912
0.154777729121844
0.300551701689146
0.424712375653241
0.507297276000913
0.524380955222519
0.511836314422172
0.499291659178017
0.120029656044340
0.233376417567830
0.332720924973999
0.411030337496535
0.467705646359527
0.524380920352085
0.610684468043766
0.091964401587877
0.180203281926041
0.261764453627932
0.336397395562234
0.411030288182294
0.507297200277223
0.669065275209744
0.067624596587278
0.133707756292041
0.197736104959987
0.261764404313691
0.332720833567419
0.424712270165774
0.558279417636098
0.044826170693966
0.089266963493004
0.133707721421607
0.180203206202351
0.233376312080362
0.300551593254298
0.389340114645790
0.022413085346983
0.044826156250159
0.067624558725433
0.091964339794749
0.120029579369323
0.154777655079096
0.198529442431222
