0.111986477199857
0.223470407599390
0.333829233175666
0.442137348996313
0.546796684494359
0.644648500378908
0.728528694075410
0.779681952687955
0.741582446957773
0.671097466443750
0.587296511820960
0.497597647902917
0.405311563129024
0.312038819434450
0.218519409717225
0.099475488149559
0.198065898177111
0.294709146633724
0.387923442625780
0.475400848291492
0.553268579723984
0.614784278857584
0.648616625919101
0.640550327122543
0.605510869139949
0.555490900100593
0.497782489903555
0.436609765286131
0.374324292360291
0.312038814461300
0.087849555376342
0.174608514575649
0.259017964790919
0.339446369076134
0.413614621635737
0.478240622236455
0.528723144935308
0.559449875343136
0.566491300528686
0.554904723037035
0.531373677817208
0.501431604397930
0.469020684842031
0.436609751123799
0.405311548686517
0.077314189306924
0.153500592192802
0.227307765334729
0.297229370949631
0.361370561267071
0.417356051226961
0.462417709826726
0.493968338094539
0.511060189736862
0.516242965922300
0.513667415815690
0.507549510106810
0.501431578229352
0.497782453846309
0.497597620321530
0.067906573969105
0.134771842048450
0.199483057103094
0.260792696640616
0.317282098657888
0.367395202189490
0.409623193293728
0.442945467690409
0.467538050699356
0.485339441191096
0.499503428503393
0.513667376651645
0.531373616263638
0.555490836482389
0.587296468558932
0.059540224210321
0.118197080242690
0.175059838716788
0.229176157253782
0.279569819559152
0.325319343074073
0.365734268382064
0.400652165865919
0.430806988236488
0.458073214713792
0.485339390020804
0.516242878872407
0.554904620412860
0.605510774846880
0.671097406322093
0.052057199407613
0.103416346863703
0.153382968843753
0.201282164710472
0.246501556745554
0.288577951704891
0.327342238146607
0.363121808489466
0.396964398362977
0.430806927877014
0.467537942034724
0.511060051075870
0.566491155204576
0.640550201925672
0.741582370315165
0.045272182179233
0.090028068184223
0.133773431606715
0.176067864242433
0.216576165921479
0.255148535705399
0.291934788174838
0.327528298332152
0.363121743156842
0.400652042758780
0.442945301448030
0.493968149508400
0.559449690024608
0.648616472633887
0.779681861445503
0.039003417325561
0.077650242422057
0.115614733261540
0.152639584950044
0.188586584184434
0.223505106355138
0.257719947264988
0.291934722842214
0.327342109967934
0.365734087212747
0.409622975800826
0.462417478493073
0.528722926675630
0.614784103318098
0.728528591705822
0.033091203124110
0.065954684972241
0.098395587192176
0.130289054409199
0.161625363568507
0.192565234961822
0.223505045995664
0.255148412598259
0.288577770535573
0.325319115430466
0.367394945952632
0.417355789552733
0.478240382178812
0.553268390569649
0.644648391779554
0.027406672342320
0.054681647294746
0.081723797385727
0.108495588017552
0.135060475793030
0.161625312398215
0.188586475519801
0.216575999679099
0.246501339252652
0.279569563322293
0.317281821738497
0.361370286292453
0.413614374493688
0.475400656573792
0.546796575768642
0.021853806113842
0.043641382757994
0.065322299120852
0.086908943569202
0.108495548853507
0.130288967359306
0.152639446289051
0.176067675656294
0.201281933376819
0.229175895579554
0.260792421665998
0.297229103445005
0.339446132375109
0.387923261251861
0.442137247152609
0.016367142596926
0.032707736575886
0.049015017848369
0.065322272952274
0.081723735832158
0.098395484568001
0.115614587937429
0.133773246288186
0.153382750584073
0.175059598659144
0.199482809961045
0.227307528633704
0.259017757906345
0.294708989672605
0.333829145757575
0.010907007805376
0.021807372190631
0.032707722413554
0.043641346700748
0.054681583676541
0.065954590679171
0.077650117225186
0.090027914899009
0.103416171324216
0.118196891088355
0.134771650330750
0.153500410818883
0.174608357614529
0.198065780061870
0.223470342264883
0.005453503902688
0.010907002832226
0.016367128154419
0.021853778532455
0.027406629080291
0.033091143002453
0.039003340682953
0.045272090936781
0.052057097038024
0.059540115610967
0.067906465243388
0.077314087463220
0.087849467958252
0.099475422815052
0.111986441269984
