0.059241354551262
0.118451612182529
0.177597878247103
0.236643435999358
0.295545220581315
0.354250388438250
0.412691330597616
0.470777986305610
0.528385308512721
0.585331558282735
0.641338051731508
0.695948231308224
0.748348732281105
0.796928490109596
0.838058387614172
0.862300151667917
0.841319395661591
0.803472250285322
0.758218296111915
0.709207059204675
0.658068604683855
0.605633315454825
0.552372139778624
0.498574816930202
0.444430063407038
0.390065101549484
0.335566738072273
0.280993471536978
0.226383066279281
0.171757846785395
0.117128923392698
0.056013802911051
0.111967210546466
0.167796457221009
0.223430635477283
0.278787046203053
0.333764989028002
0.388236932387098
0.442035289302223
0.494931671278681
0.546602853516769
0.596572396976539
0.644106120078248
0.688018185991707
0.726306818469487
0.755504886462339
0.769822801250676
0.762005158831572
0.739351287997214
0.707693854278672
0.670541316227547
0.629934025345836
0.587092499861748
0.542780410625625
0.497497049963876
0.451580322235040
0.405263593571181
0.358708369911295
0.312024074432570
0.265280941410732
0.218519394098063
0.171757845439391
0.052846641161193
0.105606960744973
0.158190091869480
0.210495586281801
0.262407320250406
0.313785566555647
0.364456095285595
0.414194539365924
0.462703203666948
0.509575755479479
0.554242528922894
0.595885631111484
0.633311037292371
0.664775674901337
0.687831501889983
0.699480971557678
0.697527114424591
0.684233853433127
0.662664482779711
0.635330293560031
0.604033649864800
0.570022219329210
0.534159926516574
0.497052626224044
0.459130560903190
0.420700562416033
0.381979058464809
0.343113502951084
0.304197222180908
0.265280937424445
0.226383062273659
0.049765793403234
0.099423886659050
0.148861345500241
0.197954275032184
0.246561054957268
0.294513830451455
0.341607307763507
0.387583530649697
0.432110806899418
0.474754391511689
0.514936285620245
0.551882789912339
0.584564607668757
0.611653291688787
0.631564424095634
0.642742418332548
0.644388424234652
0.637392480051518
0.623399882983994
0.604081680556203
0.580848018874232
0.554802761569018
0.526784413580107
0.497422934720720
0.467188703742583
0.436429011768742
0.405393777864420
0.374253640407752
0.343113495131701
0.312024063922172
0.280993463615885
0.046792636100960
0.093461430783840
0.139877105942399
0.185899084874247
0.231368759894288
0.276101353026303
0.319875730292288
0.362421419796183
0.403402049107669
0.442394662041318
0.478865373353346
0.512144574285123
0.541411249241421
0.565708396588940
0.584030420629660
0.595535789876227
0.599891621447556
0.597547698349233
0.589460829394633
0.576748470252409
0.560473930070880
0.541556344658042
0.520751985725355
0.498665953994144
0.475772271036905
0.452432971617318
0.428913374740869
0.405393765166432
0.381979039200455
0.358708350490557
0.335566725062114
0.043943308532167
0.087752074957746
0.131286535607412
0.174396164427379
0.216913505719434
0.258647044127342
0.299372787419099
0.338824310713521
0.376681244626493
0.412556767130137
0.445985901091778
0.476418811653913
0.503227343565009
0.525738548796879
0.543312995558790
0.555478623033891
0.562094498334154
0.563445789282848
0.560147195234491
0.552977373347636
0.542742822596562
0.530196641680670
0.516001175929910
0.500716575080743
0.484801411130639
0.468617191373979
0.452432953182696
0.436428981837663
0.420700528359022
0.405263563052295
0.390065082382218
0.041228509523893
0.082317002379606
0.123120765894994
0.163485492005327
0.203242007088885
0.242200475698049
0.280144003185325
0.316821723596922
0.351941778787667
0.385165183392902
0.416102571048090
0.444317343495130
0.469340678229746
0.490705371827464
0.508004301672823
0.520971120660680
0.529561873101622
0.533993680796713
0.534704707341238
0.532270927337015
0.527323271633025
0.520486154866315
0.512339438155091
0.503397702336841
0.494099556733741
0.484801386321811
0.475772228936245
0.467188652475137
0.459130509049857
0.451580278672472
0.444430037141907
0.038653711924294
0.077166633806837
0.115393998517424
0.153182986235058
0.190368501768672
0.226768787032726
0.262180957143657
0.296376726026044
0.329098881859947
0.360059529774349
0.388941765107987
0.415407218587341
0.439112557152861
0.459737860268763
0.477027619798451
0.490839586438706
0.501188095610490
0.508262258766510
0.512406934499495
0.514078269574639
0.513793099127720
0.512085190986056
0.509472648757078
0.506435175546960
0.503397670761193
0.500716519775320
0.498665883603487
0.497422858527093
0.497052553975635
0.497496991694589
0.498574782773596
0.036219687556568
0.072301794534443
0.108105569573575
0.143483903875051
0.178280168296464
0.212325146105137
0.245434236655401
0.277405258375168
0.308017403140147
0.337032193367021
0.364197640965278
0.389257104855456
0.411964365138642
0.432105784307847
0.449528622276474
0.464171401647588
0.476088557630080
0.485460220195387
0.492582401867127
0.497842021332623
0.501685573641817
0.504588776664108
0.507030712710594
0.509472610282040
0.512339369117172
0.516001085238161
0.520751883120969
0.526784309457699
0.534159831734010
0.542780336305098
0.552372097101778
0.033923225583674
0.067715257084729
0.101242539723093
0.134366838733435
0.166943058369730
0.198817319668980
0.229825503323235
0.259792577967502
0.288533182148806
0.315854096678875
0.341559392568719
0.365459082801904
0.387381899456469
0.407192173042459
0.424809566259709
0.440228723696122
0.453534398175733
0.464907550372424
0.474620323092356
0.483021736699486
0.490518299645312
0.497553538154711
0.504588731422249
0.512085108215641
0.520486043475752
0.530196511610014
0.541556206698378
0.554802627167241
0.570022100380927
0.587092408495238
0.605633263809083
0.031757938323459
0.063393436448064
0.094782449201017
0.125797796959570
0.156307839717607
0.186175493509762
0.215257792169689
0.243406272653261
0.270468547899265
0.296291509242751
0.320726635075026
0.343637815361613
0.364911854849358
0.384471318325267
0.402288621583349
0.418399404842641
0.432912638911468
0.446015140855386
0.457969488298401
0.469106192701826
0.479812246173571
0.490518248029248
0.501685477666638
0.513792967436065
0.527323114096097
0.542742650136731
0.560473754466495
0.580847852549376
0.604033505666928
0.629933916314420
0.658068543813269
0.029715070903563
0.059318067526313
0.088695977169512
0.117734001405509
0.146314939656444
0.174318941301148
0.201623808087936
0.228106072519693
0.253643119590312
0.278116642564043
0.301417702749094
0.323453563928658
0.344156258290310
0.363492493949737
0.381474066383364
0.398167505271138
0.413701483719738
0.428270760855403
0.442136175799995
0.455621184250912
0.469106135349128
0.483021628554727
0.497841870517757
0.514078085626953
0.532270721039928
0.552977156540644
0.576748255622817
0.604081481415549
0.635330123608309
0.670541189308526
0.709206989055735
0.027784256622443
0.055467750659074
0.082949342305124
0.110127230872761
0.136898903222038
0.163161439771834
0.188812331899784
0.213750986009335
0.237881103449588
0.261114119708657
0.283373844637140
0.304602349950845
0.324766987786208
0.343868198174165
0.361947509437236
0.379094931486857
0.395454897116537
0.411230113506241
0.426683144653120
0.442136113568692
0.457969369486916
0.474620155067055
0.492582193579147
0.512406696328410
0.534704450915033
0.560146933228327
0.589460575311196
0.623399650918466
0.662664287172611
0.707693709660016
0.758218216840252
0.025954183212243
0.051819300336800
0.077506361022948
0.102926614018262
0.127991927729255
0.152615496326288
0.176712996851508
0.200204329781319
0.223016073708112
0.245084766190343
0.266361078176192
0.286814870804093
0.306441008718117
0.325265663486991
0.343352702988607
0.360809676066319
0.377792923676885
0.394511518591565
0.411230047441841
0.428270633289962
0.446014958193813
0.464907320749998
0.485459953338462
0.508261965827028
0.533993374162792
0.563445482368049
0.597547405363400
0.637392215756340
0.684233632885806
0.739351126285775
0.803472162259254
0.024213153816108
0.048348870039963
0.072330137166886
0.096080872947601
0.119526621351419
0.142595533305241
0.165219731056994
0.187337154567891
0.208893978906146
0.229847669347868
0.250170701197024
0.269854911745377
0.288916374758689
0.307400603978875
0.325387822189562
0.342998006011543
0.360395464844216
0.377792854972203
0.395454763046320
0.413701289558520
0.432912391780314
0.453534106923506
0.476088232686444
0.501187748812650
0.529561517497161
0.562094147962647
0.599891291103943
0.644388129217615
0.697526870273376
0.762004981054905
0.841319299462433
0.022549539795390
0.045032852215019
0.067384394114085
0.089540055412280
0.111438075024526
0.133020196384352
0.154233140657428
0.175030469990066
0.195374900908407
0.215241106657525
0.234619014996242
0.253517564929705
0.271968835876433
0.290032414705938
0.307799834318777
0.325398920165162
0.342997935960856
0.360809537990480
0.379094729404545
0.398167245129825
0.418399094423147
0.440228372487354
0.464171020693141
0.490839188157399
0.520970718643431
0.555478231819693
0.595535424710252
0.642742094909672
0.699480705754943
0.769822608852362
0.862300048087017
0.020952131005204
0.041848568427436
0.062634481329240
0.083256815996904
0.103665350888797
0.123813948844497
0.143662066802621
0.163176575788919
0.182333931530922
0.201122717518763
0.219546557292227
0.237627362448814
0.255408851055200
0.272960244548285
0.290380039433534
0.307799764268090
0.325387682761190
0.343352496868157
0.361947241284307
0.381473742761227
0.402288250857828
0.424809158468589
0.449528188971185
0.477027173860109
0.508003857105111
0.543312567260438
0.584030024149602
0.631564075374157
0.687831216989392
0.755504681290817
0.838058277646668
0.019410393936438
0.038774773168064
0.058048097137201
0.077187313674899
0.096152488693305
0.114908094831513
0.133424504915187
0.151679728327024
0.169661417016471
0.187369152501537
0.204817006152715
0.222036343793714
0.239078825270839
0.256019534909564
0.272960175843602
0.290032276630099
0.307400397858424
0.325265392628869
0.343867867821379
0.363492111205857
0.384470892048725
0.407191713712002
0.432105303860923
0.459737371914953
0.490704889839437
0.525738088281664
0.565707973242567
0.611652921537609
0.664775374033542
0.726306602760469
0.796928374944952
0.017914650201913
0.035791998011018
0.053595771897123
0.071291791667120
0.088849122157629
0.106241352456260
0.123448035004953
0.140456311623560
0.157262743560994
0.173875350147360
0.190315846039531
0.206622051762234
0.222850438516538
0.239078759206438
0.255408716984981
0.271968633794119
0.288916106605758
0.306440678365330
0.324766600984225
0.344155822589980
0.364911379492682
0.387381395239620
0.411963844248825
0.439112032981129
0.469340165162238
0.503226856755378
0.541410804367478
0.584564220676592
0.633310724131417
0.688017962344339
0.748348613290499
0.016456188181206
0.032882762778667
0.049251153910131
0.065534899784916
0.081710785055425
0.097760076259334
0.113669879527561
0.129434639152802
0.145057787107931
0.160553543355391
0.175948855351771
0.191285453557004
0.206621989530929
0.222036216228271
0.237627168287593
0.253517304788389
0.269854588123238
0.286814488060211
0.304601914250514
0.323453083160589
0.343637299026961
0.365458541876512
0.389256551627080
0.415406666469954
0.444316806822737
0.476418305456582
0.512144114050201
0.551882391334047
0.595885309832246
0.644105891425273
0.695948110028941
0.015027319948861
0.030031678491337
0.044991136367953
0.059885811952839
0.074698974379533
0.089418210028019
0.104036680241634
0.118554482350447
0.132980118815114
0.147332070788671
0.161640463070223
0.175948797999072
0.190315727228043
0.204816823491138
0.219546310161069
0.234618704576744
0.250170330471499
0.266360651899646
0.283373369280461
0.301417186414440
0.320726087384448
0.341558824527395
0.364197064801095
0.388941194089526
0.416102019283370
0.445985383310391
0.478864904674857
0.514935881311926
0.554242204150048
0.596572166548785
0.641337929848485
0.013621394392818
0.027225464124469
0.040795858767611
0.054318183842926
0.067781026579574
0.081177035577536
0.094504066456013
0.107766400516892
0.120976037215901
0.134154054002287
0.147332019172605
0.160553435210629
0.173875182122055
0.187368922879105
0.201122426266530
0.215240755448751
0.229847261556742
0.245084306859882
0.261113615491805
0.278116101638649
0.296290941201425
0.315853512395081
0.337031604839085
0.360058949949369
0.385164625972821
0.412556246362501
0.442394192497468
0.474753987855303
0.509575432228581
0.546602624802384
0.585331437607492
0.012232776002869
0.024452896154614
0.036648611230396
0.048809988237194
0.060929852932051
0.073004770574683
0.085036072477570
0.097030931516203
0.109003484366053
0.120975991974040
0.132980022839932
0.145057636293061
0.157262535273007
0.169661150159539
0.182333606587278
0.195374519953954
0.208893545600849
0.223015593261182
0.237880582559766
0.253642566361933
0.270467971735080
0.288532593620869
0.308016813840376
0.329098304232233
0.351941225943694
0.376680730147627
0.403401586835526
0.432110410717844
0.462702887278329
0.494931447977579
0.528385190959910
0.010856797360195
0.021704706879044
0.032535665454852
0.043343259154641
0.054123571597535
0.064876058233793
0.075604450633159
0.086317691074682
0.097030893041163
0.107766317746474
0.118554350658787
0.129434455205110
0.140456073452468
0.151679435387534
0.163176228991070
0.175030071708751
0.187336708629541
0.200203841427501
0.213750461837595
0.228105520402302
0.243405701634796
0.259791998142520
0.277404680747454
0.296376162351215
0.316821186210383
0.338823812345972
0.362420973379084
0.387583149113245
0.414194235432204
0.442035075276313
0.470777873867473
0.009489691987598
0.018973444705921
0.028446051763510
0.037903769986977
0.047345066656801
0.056771383198354
0.066187916915757
0.075604419057509
0.085036003439648
0.094503955065446
0.104036522704699
0.113669673230468
0.123447778578739
0.133424198281257
0.143661711198151
0.154232738640170
0.165219286489273
0.176712514863473
0.188811818832268
0.201623271415537
0.215257240404964
0.229824945903150
0.245433683811425
0.262180419757117
0.280143492629847
0.299372315392152
0.319875308637998
0.341606948289072
0.364455809573706
0.388236731606884
0.412691225316661
0.008128512970849
0.016253307098656
0.024371297911229
0.032480665832181
0.040581498181396
0.048676440689876
0.056771358389525
0.064876002928367
0.073004679882930
0.081176905506874
0.089418037568182
0.097759859452334
0.106241090450087
0.114907787916705
0.123813598472980
0.133019805170144
0.142595105006878
0.152615035811065
0.163160952962195
0.174318435103810
0.186174975728370
0.198816798901340
0.212324631626268
0.226768288665175
0.242200003671101
0.258646608926916
0.276100965237457
0.294513500595558
0.313785304924353
0.333764805516240
0.354250292378482
0.006771041649695
0.013539954633752
0.020305141994356
0.027066065814504
0.033823781997950
0.040581479746773
0.047345024556139
0.054123501206875
0.060929750327661
0.067780888619904
0.074698798775142
0.081710570425825
0.088848868074184
0.096152195707462
0.103665020545175
0.111437709858540
0.119526224871351
0.127991504382873
0.136898458348087
0.146314479421515
0.156307371039112
0.166942588825874
0.178279706024317
0.190368055351571
0.203241585434595
0.216913117930587
0.231368415132783
0.246560762304361
0.262407088564351
0.278786883976166
0.295545135798390
0.005415689702845
0.010830312687953
0.016243228901535
0.021654647358019
0.027066053116515
0.032480635901100
0.037903718719529
0.043343182961010
0.048809884114782
0.054318049441142
0.059885645627976
0.065534700644254
0.071291559601584
0.077187049379712
0.083256520979857
0.089539731989394
0.096080524226115
0.102926243867075
0.110126843880589
0.117733602827211
0.125797392651245
0.134366435077045
0.143483507693473
0.153182604698603
0.163485132530891
0.174395834571481
0.185898792221340
0.197954027079661
0.210495390323210
0.223430498485291
0.236643364510035
0.004061397109940
0.008122365593490
0.012182797247512
0.016243221082151
0.020305122730001
0.024371263854216
0.028445999910174
0.032535593206439
0.036648516447827
0.040795739819323
0.044990992170075
0.049250983958402
0.053595576290016
0.058047876589872
0.062634237178017
0.067384128311343
0.072329852266287
0.077506060155146
0.082949029144163
0.088695655890268
0.094782124428166
0.101242216472191
0.108105253184954
0.115393694583702
0.123120480183103
0.131286273976116
0.139876874256343
0.148861149541650
0.158189937248643
0.167796349286744
0.177597821998395
0.002707527759408
0.005414946676449
0.008122361607203
0.010830302177555
0.013539935213012
0.016253276579768
0.018973401143350
0.021704648609755
0.024452821834084
0.027225372757956
0.030031569459916
0.032882635859640
0.035791853392356
0.038774611456619
0.041848390650763
0.045032659816698
0.048348664868435
0.051819084627777
0.055467527011702
0.059317838873333
0.063393206020307
0.067715028370341
0.072301571233339
0.077166419780926
0.082316801599392
0.087751891445984
0.093461268556953
0.099423749667057
0.105606852810709
0.111967135304894
0.118451573020955
0.001353763879704
0.002707526413404
0.004061393104319
0.005415681781751
0.006771028639536
0.008128493803581
0.009489665722465
0.010856763203587
0.012232733326020
0.013621342747073
0.015027259078272
0.016456118032263
0.017914570930247
0.019410305910367
0.020952034806044
0.022549436214487
0.024213043848601
0.025954068047596
0.027784137631835
0.029714949624277
0.031757816440434
0.033923104908430
0.036219570003756
0.038653599486157
0.041228404242938
0.043943212472398
0.046792551318035
0.049765721913910
0.052846584912485
0.056013763749477
0.059241334192608
